# # WL(nm)    Flux(ergs/cm**2/s/nm)
0.5000 1.3402e+02
1.5000 1.7929e+05
2.5000 2.2253e+04
3.5000 3.7050e+04
4.5000 5.4538e+04
5.5000 6.7804e+04
6.5000 6.4230e+04
7.5000 4.5816e+04
8.5000 4.1595e+04
9.5000 2.4298e+04
10.5000 9.9589e+03
11.5000 4.9449e+03
12.5000 8.4859e+02
13.5000 9.4620e+02
14.5000 1.0342e+04
15.5000 7.9060e+03
16.5000 1.6421e+04
17.5000 2.4201e+05
18.5000 1.3893e+05
19.5000 9.8486e+04
20.5000 9.4620e+04
21.5000 4.5474e+04
22.5000 4.9533e+04
23.5000 1.1052e+04
24.5000 2.3012e+04
25.5000 5.6685e+04
26.5000 1.9451e+04
27.5000 4.0955e+04
28.5000 4.1347e+04
29.5000 2.1142e+04
30.5000 3.0213e+05
31.5000 5.7507e+04
32.5000 6.3655e+04
33.5000 6.2576e+04
34.5000 2.7720e+04
35.5000 2.3708e+04
36.5000 3.2123e+04
37.5000 5.5263e+03
38.5000 2.3700e+03
39.5000 2.3304e+03
40.5000 3.9084e+03
41.5000 7.2326e+03
42.5000 1.9172e+03
43.5000 4.3995e+03
44.5000 1.7538e+03
45.5000 1.9276e+03
46.5000 6.9449e+03
47.5000 2.7672e+03
48.5000 4.6153e+03
49.5000 1.5844e+04
50.5000 6.7131e+03
51.5000 2.2949e+03
52.5000 3.9192e+03
53.5000 2.9802e+03
54.5000 1.9352e+03
55.5000 8.6512e+03
56.5000 2.6285e+03
57.5000 2.6085e+03
58.5000 1.4741e+04
59.5000 3.1072e+03
60.5000 1.2435e+04
61.5000 3.8908e+03
62.5000 1.6819e+04
63.5000 4.2357e+03
64.5000 9.7580e+02
65.5000 7.6562e+02
66.5000 6.8290e+02
67.5000 6.9928e+02
68.5000 2.4083e+03
69.5000 1.7790e+03
70.5000 4.6832e+03
71.5000 2.0459e+03
72.5000 1.5316e+03
73.5000 1.9960e+03
74.5000 2.4595e+03
75.5000 3.7610e+03
76.5000 9.5063e+03
77.5000 8.6152e+03
78.5000 1.2160e+04
79.5000 5.7102e+03
80.5000 5.8660e+03
81.5000 6.6652e+03
82.5000 9.8499e+03
83.5000 1.6819e+04
84.5000 1.2231e+04
85.5000 1.3622e+04
86.5000 1.4437e+04
87.5000 1.7186e+04
88.5000 1.9640e+04
89.5000 2.3888e+04
90.5000 2.8147e+04
91.5000 2.1534e+04
92.5000 7.9345e+02
93.5000 6.9561e+02
94.5000 4.9580e+02
95.5000 2.8749e+02
96.5000 2.9893e+02
97.5000 5.3502e+03
98.5000 6.0850e+02
99.5000 9.3876e+02
100.5000 3.8042e+02
101.5000 4.3966e+02
102.5000 4.0122e+03
103.5000 4.1448e+03
104.5000 6.0685e+02
105.5000 5.1355e+02
106.5000 4.8879e+02
107.5000 5.1892e+02
108.5000 8.7065e+02
109.5000 5.8580e+02
110.5000 6.2460e+02
111.5000 5.7300e+02
112.5000 6.2419e+02
113.5000 4.8755e+02
114.5000 3.2985e+02
115.5000 5.4204e+02
116.5000 6.1263e+02
117.5000 2.6053e+03
118.5000 6.8983e+02
119.5000 2.2937e+03
120.5000 6.9644e+03
121.5000 3.3517e+05
122.5000 2.4613e+03
123.5000 1.7463e+03
124.5000 1.3281e+03
125.5000 1.2591e+03
126.5000 1.8573e+03
127.5000 9.7468e+02
128.5000 7.9758e+02
129.5000 9.3835e+02
130.5000 7.5010e+03
131.5000 1.2236e+03
132.5000 9.3711e+02
133.5000 8.9294e+03
134.5000 8.3515e+02
135.5000 1.9056e+03
136.5000 1.2372e+03
137.5000 1.3161e+03
138.5000 1.3037e+03
139.5000 3.8257e+03
140.5000 3.1763e+03
141.5000 1.8709e+03
142.5000 2.0216e+03
143.5000 2.3564e+03
144.5000 2.2928e+03
145.5000 2.4654e+03
146.5000 3.0648e+03
147.5000 3.8050e+03
148.5000 3.8789e+03
149.5000 3.4979e+03
150.5000 3.8987e+03
151.5000 4.2149e+03
152.5000 5.3089e+03
153.5000 5.8993e+03
154.5000 1.0498e+04
155.5000 8.6735e+03
156.5000 8.7230e+03
157.5000 7.8850e+03
158.5000 7.5836e+03
159.5000 7.5795e+03
160.5000 8.5207e+03
161.5000 9.9862e+03
162.5000 1.1468e+04
163.5000 1.2579e+04
164.5000 1.3999e+04
165.5000 2.1859e+04
166.5000 1.5254e+04
167.5000 1.8007e+04
168.5000 2.0030e+04
169.5000 2.6243e+04
170.5000 3.0351e+04
171.5000 3.0454e+04
172.5000 3.2873e+04
173.5000 3.2997e+04
174.5000 4.0523e+04
175.5000 4.9911e+04
176.5000 5.4080e+04
177.5000 6.5226e+04
178.5000 7.2740e+04
179.5000 7.1130e+04
180.5000 8.5083e+04
181.5000 1.0242e+05
182.5000 9.5445e+04
183.5000 1.0201e+05
184.5000 8.7271e+04
185.5000 9.9780e+04
186.5000 1.1431e+05
187.5000 1.3256e+05
188.5000 1.4044e+05
189.5000 1.5828e+05
190.5000 1.6385e+05
191.5000 1.7999e+05
192.5000 1.9254e+05
193.5000 1.4581e+05
194.5000 2.4361e+05
195.5000 2.3754e+05
196.5000 2.6883e+05
197.5000 2.7259e+05
198.5000 2.7486e+05
199.5000 2.9851e+05
200.5000 3.2749e+05
201.5000 3.6436e+05
202.5000 3.6188e+05
203.5000 4.1695e+05
204.5000 4.6195e+05
205.5000 4.7846e+05
206.5000 4.9126e+05
207.5000 5.7300e+05
208.5000 6.4607e+05
209.5000 9.2886e+05
210.5000 1.2451e+06
211.5000 1.5200e+06
212.5000 1.3805e+06
213.5000 1.3169e+06
214.5000 1.8519e+06
215.5000 1.5122e+06
216.5000 1.4189e+06
217.5000 1.4011e+06
218.5000 2.0290e+06
219.5000 2.0893e+06
220.5000 2.1430e+06
221.5000 1.4870e+06
222.5000 2.1723e+06
223.5000 2.8580e+06
224.5000 2.5504e+06
225.5000 2.2462e+06
226.5000 1.6484e+06
227.5000 1.5840e+06
228.5000 2.3461e+06
229.5000 2.0212e+06
230.5000 2.4394e+06
231.5000 2.0266e+06
232.5000 2.2759e+06
233.5000 1.8850e+06
234.5000 1.5076e+06
235.5000 2.4526e+06
236.5000 1.9267e+06
237.5000 2.3341e+06
238.5000 1.5799e+06
239.5000 1.9163e+06
240.5000 1.7417e+06
241.5000 2.0939e+06
242.5000 3.1829e+06
243.5000 2.8179e+06
244.5000 2.7304e+06
245.5000 2.1033e+06
246.5000 2.1194e+06
247.5000 2.4687e+06
248.5000 1.8936e+06
249.5000 2.4332e+06
250.5000 2.5711e+06
251.5000 1.9357e+06
252.5000 1.6984e+06
253.5000 2.2193e+06
254.5000 2.4163e+06
255.5000 3.4904e+06
256.5000 4.2108e+06
257.5000 5.2594e+06
258.5000 5.5938e+06
259.5000 4.6071e+06
260.5000 3.7220e+06
261.5000 3.6675e+06
262.5000 4.6195e+06
263.5000 6.7332e+06
264.5000 1.1324e+07
265.5000 1.1398e+07
266.5000 1.0804e+07
267.5000 1.1150e+07
268.5000 1.0828e+07
269.5000 9.9945e+06
270.5000 1.2282e+07
271.5000 1.0118e+07
272.5000 8.0749e+06
273.5000 9.2844e+06
274.5000 5.2222e+06
275.5000 7.6373e+06
276.5000 1.1064e+07
277.5000 1.0837e+07
278.5000 7.0552e+06
279.5000 3.2287e+06
280.0000 3.2390e+06
280.5000 4.2232e+06
281.0000 7.0841e+06
281.5000 9.9491e+06
282.0000 1.2038e+07
282.5000 1.2971e+07
283.0000 1.4156e+07
283.5000 1.3305e+07
284.0000 1.3256e+07
284.5000 1.0378e+07
285.0000 4.8920e+06
285.5000 5.6846e+06
286.0000 1.2410e+07
286.5000 1.4783e+07
287.0000 1.5597e+07
287.5000 1.5613e+07
288.0000 1.0337e+07
288.5000 1.4812e+07
289.0000 1.7343e+07
289.5000 2.0274e+07
290.0000 2.5500e+07
290.5000 2.6664e+07
291.0000 2.5170e+07
291.5000 2.4852e+07
292.0000 2.3647e+07
292.5000 2.0497e+07
293.0000 2.3415e+07
293.5000 2.3779e+07
294.0000 2.0802e+07
294.5000 2.2433e+07
295.0000 2.1302e+07
295.5000 2.4031e+07
296.0000 2.5636e+07
296.5000 2.0336e+07
297.0000 1.7508e+07
297.5000 2.4670e+07
298.0000 2.3023e+07
298.5000 1.5638e+07
299.0000 2.3808e+07
299.5000 2.1525e+07
300.0000 1.7198e+07
300.5000 1.8127e+07
301.0000 2.0389e+07
301.5000 2.1859e+07
302.0000 1.5452e+07
302.5000 2.2445e+07
303.0000 2.7936e+07
303.5000 2.8427e+07
304.0000 2.3824e+07
304.5000 2.6755e+07
305.0000 2.7779e+07
305.5000 2.5281e+07
306.0000 2.2383e+07
306.5000 2.4179e+07
307.0000 2.6594e+07
307.5000 2.6896e+07
308.0000 2.7094e+07
308.5000 2.8080e+07
309.0000 2.3197e+07
309.5000 2.1190e+07
310.0000 1.9188e+07
310.5000 2.9492e+07
311.0000 3.4000e+07
311.5000 3.1552e+07
312.0000 2.6491e+07
312.5000 2.8753e+07
313.0000 2.9352e+07
313.5000 2.9938e+07
314.0000 3.2741e+07
314.5000 2.4468e+07
315.0000 3.1111e+07
315.5000 2.8072e+07
316.0000 2.1384e+07
316.5000 2.7362e+07
317.0000 3.3951e+07
317.5000 3.6320e+07
318.0000 2.6181e+07
318.5000 2.8155e+07
319.0000 3.1086e+07
319.5000 2.8192e+07
320.0000 3.4525e+07
320.5000 3.7468e+07
321.0000 2.9521e+07
321.5000 2.7862e+07
322.0000 3.3629e+07
322.5000 2.8951e+07
323.0000 2.6417e+07
323.5000 2.8192e+07
324.0000 3.2250e+07
324.5000 3.4116e+07
325.0000 3.2366e+07
325.5000 3.8851e+07
326.0000 4.3429e+07
326.5000 4.1150e+07
327.0000 4.1654e+07
327.5000 4.1113e+07
328.0000 3.9338e+07
328.5000 3.7699e+07
329.0000 4.2273e+07
329.5000 4.7021e+07
330.0000 4.7970e+07
330.5000 4.0147e+07
331.0000 4.1489e+07
331.5000 4.0519e+07
332.0000 4.1530e+07
332.5000 4.0131e+07
333.0000 4.0416e+07
333.5000 3.7831e+07
334.0000 3.8876e+07
334.5000 4.2934e+07
335.0000 3.9371e+07
335.5000 4.4255e+07
336.0000 3.0533e+07
336.5000 3.7357e+07
337.0000 3.1069e+07
337.5000 3.8773e+07
338.0000 3.6593e+07
338.5000 4.0886e+07
339.0000 4.0490e+07
339.5000 3.8723e+07
340.0000 4.6773e+07
340.5000 4.1943e+07
341.0000 3.9796e+07
341.5000 3.6659e+07
342.0000 4.3759e+07
342.5000 4.0882e+07
343.0000 4.4750e+07
343.5000 4.1984e+07
344.0000 3.1639e+07
344.5000 3.1024e+07
345.0000 4.1204e+07
345.5000 4.2026e+07
346.0000 3.5668e+07
346.5000 4.0317e+07
347.0000 4.3099e+07
347.5000 3.4735e+07
348.0000 3.9619e+07
348.5000 3.9594e+07
349.0000 3.6642e+07
349.5000 3.6163e+07
350.0000 4.4626e+07
350.5000 4.6980e+07
351.0000 4.1860e+07
351.5000 4.0490e+07
352.0000 4.3471e+07
352.5000 3.3893e+07
353.0000 4.2604e+07
353.5000 4.5493e+07
354.0000 4.7186e+07
354.5000 4.7805e+07
355.0000 4.7557e+07
355.5000 4.2851e+07
356.0000 4.4750e+07
356.5000 3.8170e+07
357.0000 3.1519e+07
357.5000 3.8550e+07
358.0000 3.0512e+07
358.5000 2.6045e+07
359.0000 3.6391e+07
359.5000 4.6319e+07
360.0000 4.9044e+07
360.5000 3.9152e+07
361.0000 3.5614e+07
361.5000 4.0857e+07
362.0000 3.5197e+07
362.5000 4.8548e+07
363.0000 4.3471e+07
363.5000 3.9928e+07
364.0000 4.8713e+07
364.5000 4.1572e+07
365.0000 4.2273e+07
365.5000 5.2965e+07
366.0000 5.5979e+07
366.5000 5.2470e+07
367.0000 5.1025e+07
367.5000 5.2883e+07
368.0000 4.6195e+07
368.5000 4.6525e+07
369.0000 5.0158e+07
369.5000 5.3378e+07
370.0000 5.6805e+07
370.5000 4.4007e+07
371.0000 4.6938e+07
371.5000 5.8662e+07
372.0000 3.8896e+07
372.5000 4.6567e+07
373.0000 4.7268e+07
373.5000 3.0698e+07
374.0000 4.4544e+07
374.5000 3.6820e+07
375.0000 3.5751e+07
375.5000 5.3337e+07
376.0000 4.4172e+07
376.5000 4.5741e+07
377.0000 4.8342e+07
377.5000 5.6475e+07
378.0000 6.1181e+07
378.5000 5.7796e+07
379.0000 4.7681e+07
379.5000 4.3553e+07
380.0000 4.5246e+07
380.5000 5.4699e+07
381.0000 5.4699e+07
381.5000 4.3264e+07
382.0000 3.8343e+07
382.5000 3.2609e+07
383.0000 3.0136e+07
383.5000 2.8980e+07
384.0000 3.1928e+07
384.5000 4.6897e+07
385.0000 4.6443e+07
385.5000 4.3182e+07
386.0000 3.6931e+07
386.5000 4.8424e+07
387.0000 4.0209e+07
387.5000 4.5122e+07
388.0000 4.1613e+07
388.5000 4.1072e+07
389.0000 4.4296e+07
389.5000 5.3585e+07
390.0000 5.3709e+07
390.5000 4.9374e+07
391.0000 5.8043e+07
391.5000 5.9158e+07
392.0000 4.9787e+07
392.5000 4.4503e+07
393.0000 2.4724e+07
393.5000 1.7946e+07
394.0000 3.6481e+07
394.5000 4.6319e+07
395.0000 5.6475e+07
395.5000 5.7341e+07
396.0000 4.9663e+07
396.5000 2.8976e+07
397.0000 2.1719e+07
397.5000 4.4131e+07
398.0000 6.1800e+07
398.5000 6.3823e+07
399.0000 6.8942e+07
399.5000 6.8653e+07
400.0000 7.2096e+07
401.0000 7.3849e+07
402.0000 7.7690e+07
403.0000 7.3599e+07
404.0000 7.2346e+07
405.0000 7.2221e+07
406.0000 7.0843e+07
407.0000 6.9508e+07
408.0000 7.2179e+07
409.0000 7.7105e+07
410.0000 6.7212e+07
411.0000 7.2639e+07
412.0000 7.7773e+07
413.0000 7.5811e+07
414.0000 7.6563e+07
415.0000 7.6563e+07
416.0000 7.7690e+07
417.0000 7.5686e+07
418.0000 7.4183e+07
419.0000 7.5018e+07
420.0000 7.4601e+07
421.0000 7.7899e+07
422.0000 7.3933e+07
423.0000 7.2096e+07
424.0000 7.6187e+07
425.0000 7.5895e+07
426.0000 7.3682e+07
427.0000 7.2221e+07
428.0000 7.0301e+07
429.0000 6.6377e+07
430.0000 5.7986e+07
431.0000 5.7485e+07
432.0000 7.4016e+07
433.0000 7.4308e+07
434.0000 6.8965e+07
435.0000 7.2012e+07
436.0000 8.0904e+07
437.0000 7.9568e+07
438.0000 7.2305e+07
439.0000 7.4935e+07
440.0000 7.7147e+07
441.0000 7.9735e+07
442.0000 8.5413e+07
443.0000 8.3284e+07
444.0000 8.4912e+07
445.0000 8.3117e+07
446.0000 7.9067e+07
447.0000 8.5246e+07
448.0000 8.6707e+07
449.0000 8.6707e+07
450.0000 8.8961e+07
451.0000 9.2176e+07
452.0000 8.8711e+07
453.0000 8.3326e+07
454.0000 8.6791e+07
455.0000 8.7291e+07
456.0000 8.9254e+07
457.0000 9.0673e+07
458.0000 8.7667e+07
459.0000 8.7083e+07
460.0000 8.7333e+07
461.0000 8.9254e+07
462.0000 8.9754e+07
463.0000 8.9170e+07
464.0000 8.7458e+07
465.0000 8.6123e+07
466.0000 8.6791e+07
467.0000 8.5288e+07
468.0000 8.6248e+07
469.0000 8.6665e+07
470.0000 8.3910e+07
471.0000 8.3743e+07
472.0000 8.8252e+07
473.0000 8.7124e+07
474.0000 8.7417e+07
475.0000 8.8335e+07
476.0000 8.5914e+07
477.0000 8.6290e+07
478.0000 8.8544e+07
479.0000 8.7792e+07
480.0000 8.7751e+07
481.0000 8.9128e+07
482.0000 8.9337e+07
483.0000 8.8001e+07
484.0000 8.6081e+07
485.0000 8.1906e+07
486.0000 7.1470e+07
487.0000 7.4768e+07
488.0000 8.2031e+07
489.0000 8.2365e+07
490.0000 8.6498e+07
491.0000 8.4870e+07
492.0000 8.0111e+07
493.0000 8.2699e+07
494.0000 8.3493e+07
495.0000 8.4160e+07
496.0000 8.4661e+07
497.0000 8.5956e+07
498.0000 8.1906e+07
499.0000 8.2992e+07
500.0000 8.0654e+07
501.0000 7.9276e+07
502.0000 7.8400e+07
503.0000 8.1864e+07
504.0000 8.0696e+07
505.0000 8.2783e+07
506.0000 8.5496e+07
507.0000 8.1322e+07
508.0000 7.8525e+07
509.0000 8.0529e+07
510.0000 7.9944e+07
511.0000 8.1906e+07
512.0000 8.2699e+07
513.0000 7.8233e+07
514.0000 7.7606e+07
515.0000 7.6813e+07
516.0000 7.6646e+07
517.0000 6.8046e+07
518.0000 7.1553e+07
519.0000 7.5060e+07
520.0000 7.7815e+07
521.0000 7.8566e+07
522.0000 7.8692e+07
523.0000 7.7314e+07
524.0000 8.0195e+07
525.0000 8.1322e+07
526.0000 7.7732e+07
527.0000 7.3390e+07
528.0000 7.7732e+07
529.0000 8.2031e+07
530.0000 8.0904e+07
531.0000 8.2157e+07
532.0000 7.9360e+07
533.0000 7.7022e+07
534.0000 7.9234e+07
535.0000 8.0863e+07
536.0000 8.1530e+07
537.0000 7.8233e+07
538.0000 7.9568e+07
539.0000 7.8900e+07
540.0000 7.5686e+07
541.0000 7.6437e+07
542.0000 7.8942e+07
543.0000 7.7899e+07
544.0000 7.9443e+07
545.0000 7.9151e+07
546.0000 7.9694e+07
547.0000 7.9485e+07
548.0000 7.8441e+07
549.0000 7.8608e+07
550.0000 7.9527e+07
551.0000 7.8525e+07
552.0000 7.9067e+07
553.0000 7.7690e+07
554.0000 7.9568e+07
555.0000 7.9777e+07
556.0000 7.8775e+07
557.0000 7.6396e+07
558.0000 7.5936e+07
559.0000 7.4642e+07
560.0000 7.5644e+07
561.0000 7.6730e+07
562.0000 7.6312e+07
563.0000 7.8566e+07
564.0000 7.6563e+07
565.0000 7.6020e+07
566.0000 7.5018e+07
567.0000 7.6604e+07
568.0000 7.6354e+07
569.0000 7.5436e+07
570.0000 7.5269e+07
571.0000 7.4559e+07
572.0000 7.6938e+07
573.0000 7.7857e+07
574.0000 7.7732e+07
575.0000 7.6479e+07
576.0000 7.5769e+07
577.0000 7.6521e+07
578.0000 7.5143e+07
579.0000 7.5060e+07
580.0000 7.5895e+07
581.0000 7.5853e+07
582.0000 7.6897e+07
583.0000 7.6771e+07
584.0000 7.7231e+07
585.0000 7.5227e+07
586.0000 7.3682e+07
587.0000 7.5561e+07
588.0000 7.4851e+07
589.0000 6.8714e+07
590.0000 7.1637e+07
591.0000 7.4392e+07
592.0000 7.4308e+07
593.0000 7.4475e+07
594.0000 7.4350e+07
595.0000 7.3139e+07
596.0000 7.4267e+07
597.0000 7.3766e+07
598.0000 7.3098e+07
599.0000 7.2889e+07
600.0000 7.2513e+07
601.0000 7.1595e+07
602.0000 7.1052e+07
603.0000 7.2096e+07
604.0000 7.3223e+07
605.0000 7.2764e+07
606.0000 7.2305e+07
607.0000 7.2847e+07
608.0000 7.1887e+07
609.0000 7.1887e+07
610.0000 7.1219e+07
611.0000 7.1511e+07
612.0000 7.1219e+07
613.0000 7.0259e+07
614.0000 6.9174e+07
615.0000 7.0551e+07
616.0000 6.8130e+07
617.0000 6.7921e+07
618.0000 7.0468e+07
619.0000 6.9716e+07
620.0000 7.0175e+07
621.0000 7.0384e+07
622.0000 6.9716e+07
623.0000 6.8798e+07
624.0000 6.7504e+07
625.0000 6.7337e+07
626.0000 6.8380e+07
627.0000 6.9508e+07
628.0000 6.9424e+07
629.0000 6.9424e+07
630.0000 6.7963e+07
631.0000 6.8005e+07
632.0000 6.6961e+07
633.0000 6.8380e+07
634.0000 6.7253e+07
635.0000 6.8088e+07
636.0000 6.6919e+07
637.0000 6.7838e+07
638.0000 6.8172e+07
639.0000 6.7253e+07
640.0000 6.6418e+07
641.0000 6.6251e+07
642.0000 6.5792e+07
643.0000 6.6669e+07
644.0000 6.6293e+07
645.0000 6.6502e+07
646.0000 6.5500e+07
647.0000 6.5834e+07
648.0000 6.6418e+07
649.0000 6.5124e+07
650.0000 6.3830e+07
651.0000 6.6210e+07
652.0000 6.5458e+07
653.0000 6.5375e+07
654.0000 6.4415e+07
655.0000 6.2995e+07
656.0000 5.5147e+07
657.0000 5.6608e+07
658.0000 6.2995e+07
659.0000 6.3162e+07
660.0000 6.3329e+07
661.0000 6.3747e+07
662.0000 6.4164e+07
663.0000 6.2786e+07
664.0000 6.3120e+07
665.0000 6.2870e+07
666.0000 6.2786e+07
667.0000 6.2578e+07
668.0000 6.2452e+07
669.0000 6.3329e+07
670.0000 6.2995e+07
671.0000 6.2912e+07
672.0000 6.2327e+07
673.0000 6.3204e+07
674.0000 6.2912e+07
675.0000 6.2285e+07
676.0000 6.2661e+07
677.0000 6.1993e+07
678.0000 6.2118e+07
679.0000 6.1075e+07
680.0000 6.1534e+07
681.0000 6.1117e+07
682.0000 6.1033e+07
683.0000 6.0908e+07
684.0000 6.0616e+07
685.0000 6.1075e+07
686.0000 6.0783e+07
687.0000 6.1534e+07
688.0000 6.0824e+07
689.0000 6.0699e+07
690.0000 6.0282e+07
691.0000 5.9822e+07
692.0000 5.9280e+07
693.0000 5.9363e+07
694.0000 5.9530e+07
695.0000 5.9530e+07
696.0000 6.0031e+07
697.0000 5.9781e+07
698.0000 5.8946e+07
699.0000 5.9739e+07
700.0000 5.8987e+07
701.0000 5.8862e+07
702.0000 5.8528e+07
703.0000 5.8779e+07
704.0000 5.9363e+07
705.0000 5.9447e+07
706.0000 5.8862e+07
707.0000 5.8737e+07
708.0000 5.8862e+07
709.0000 5.8278e+07
710.0000 5.8570e+07
711.0000 5.8278e+07
712.0000 5.7819e+07
713.0000 5.7485e+07
714.0000 5.7693e+07
715.0000 5.6608e+07
716.0000 5.6900e+07
717.0000 5.7693e+07
718.0000 5.6775e+07
719.0000 5.5731e+07
720.0000 5.6817e+07
721.0000 5.6190e+07
722.0000 5.6149e+07
723.0000 5.6650e+07
724.0000 5.6190e+07
725.0000 5.5815e+07
726.0000 5.5898e+07
727.0000 5.6274e+07
728.0000 5.5272e+07
729.0000 5.4145e+07
730.0000 5.5481e+07
731.0000 5.5063e+07
732.0000 5.5189e+07
733.0000 5.5022e+07
734.0000 5.5606e+07
735.0000 5.4813e+07
736.0000 5.4562e+07
737.0000 5.4980e+07
738.0000 5.4061e+07
739.0000 5.3143e+07
740.0000 5.3936e+07
741.0000 5.3060e+07
742.0000 5.2809e+07
743.0000 5.4061e+07
744.0000 5.3727e+07
745.0000 5.3602e+07
746.0000 5.3853e+07
747.0000 5.3936e+07
748.0000 5.3811e+07
749.0000 5.3185e+07
750.0000 5.3143e+07
751.0000 5.2600e+07
752.0000 5.2809e+07
753.0000 5.3060e+07
754.0000 5.3185e+07
755.0000 5.2893e+07
756.0000 5.2851e+07
757.0000 5.2934e+07
758.0000 5.2308e+07
759.0000 5.2141e+07
760.0000 5.2141e+07
761.0000 5.1974e+07
762.0000 5.1056e+07
763.0000 5.2016e+07
764.0000 5.1724e+07
765.0000 5.1181e+07
766.0000 4.9094e+07
767.0000 5.0763e+07
768.0000 5.0972e+07
769.0000 5.0471e+07
770.0000 5.0471e+07
771.0000 5.0137e+07
772.0000 5.0012e+07
773.0000 5.0304e+07
774.0000 5.0012e+07
775.0000 4.9595e+07
776.0000 5.0179e+07
777.0000 4.9511e+07
778.0000 4.9219e+07
779.0000 4.9261e+07
780.0000 4.8968e+07
781.0000 4.9010e+07
782.0000 4.9302e+07
783.0000 4.8426e+07
784.0000 4.8634e+07
785.0000 4.8342e+07
786.0000 4.8927e+07
787.0000 4.8718e+07
788.0000 4.8467e+07
789.0000 4.8718e+07
790.0000 4.8634e+07
791.0000 4.7966e+07
792.0000 4.7507e+07
793.0000 4.6881e+07
794.0000 4.6338e+07
795.0000 4.7424e+07
796.0000 4.7591e+07
797.0000 4.7549e+07
798.0000 4.7507e+07
799.0000 4.7549e+07
800.0000 4.7132e+07
801.0000 4.7257e+07
802.0000 4.7048e+07
803.0000 4.6839e+07
804.0000 4.6756e+07
805.0000 4.6171e+07
806.0000 4.6798e+07
807.0000 4.6422e+07
808.0000 4.6338e+07
809.0000 4.5963e+07
810.0000 4.6088e+07
811.0000 4.6547e+07
812.0000 4.6589e+07
813.0000 4.6672e+07
814.0000 4.6380e+07
815.0000 4.6130e+07
816.0000 4.6046e+07
817.0000 4.5879e+07
818.0000 4.4961e+07
819.0000 4.4710e+07
820.0000 4.4418e+07
821.0000 4.4376e+07
822.0000 4.4460e+07
823.0000 4.4919e+07
824.0000 4.4794e+07
825.0000 4.4669e+07
826.0000 4.5002e+07
827.0000 4.4919e+07
828.0000 4.4669e+07
829.0000 4.4376e+07
830.0000 4.4251e+07
831.0000 4.4001e+07
832.0000 4.4126e+07
833.0000 4.2748e+07
834.0000 4.2957e+07
835.0000 4.3625e+07
836.0000 4.3834e+07
837.0000 4.3625e+07
838.0000 4.2957e+07
839.0000 4.2832e+07
840.0000 4.3541e+07
841.0000 4.3291e+07
842.0000 4.2915e+07
843.0000 4.2414e+07
844.0000 4.2122e+07
845.0000 4.3124e+07
846.0000 4.2873e+07
847.0000 4.1913e+07
848.0000 4.1872e+07
849.0000 4.0698e+07
850.0000 3.8949e+07
851.0000 4.1492e+07
852.0000 4.1095e+07
853.0000 3.9354e+07
854.0000 3.4144e+07
855.0000 3.7279e+07
856.0000 4.0840e+07
857.0000 4.1596e+07
858.0000 4.1350e+07
859.0000 4.1304e+07
860.0000 4.1312e+07
861.0000 4.1108e+07
862.0000 4.1721e+07
863.0000 4.2706e+07
864.0000 4.0561e+07
865.0000 4.0189e+07
866.0000 3.6136e+07
867.0000 3.7705e+07
868.0000 4.1024e+07
869.0000 4.0164e+07
870.0000 4.1304e+07
871.0000 4.0744e+07
872.0000 4.0590e+07
873.0000 4.0506e+07
874.0000 4.0022e+07
875.0000 3.9221e+07
876.0000 3.9642e+07
877.0000 4.0026e+07
878.0000 4.0502e+07
879.0000 3.9868e+07
880.0000 3.9008e+07
881.0000 3.8536e+07
882.0000 3.9392e+07
883.0000 3.9442e+07
884.0000 3.9283e+07
885.0000 3.9575e+07
886.0000 3.8098e+07
887.0000 3.8231e+07
888.0000 3.9062e+07
889.0000 3.9075e+07
890.0000 3.9187e+07
891.0000 3.8891e+07
892.0000 3.8269e+07
893.0000 3.8039e+07
894.0000 3.8131e+07
895.0000 3.7981e+07
896.0000 3.8540e+07
897.0000 3.7960e+07
898.0000 3.8119e+07
899.0000 3.8006e+07
900.0000 3.7137e+07
901.0000 3.5860e+07
902.0000 3.6227e+07
903.0000 3.7605e+07
904.0000 3.7981e+07
905.0000 3.7872e+07
906.0000 3.6996e+07
907.0000 3.7296e+07
908.0000 3.6641e+07
909.0000 3.5893e+07
910.0000 3.6603e+07
911.0000 3.6411e+07
912.0000 3.6461e+07
913.0000 3.7263e+07
914.0000 3.6820e+07
915.0000 3.6515e+07
916.0000 3.6674e+07
917.0000 3.6156e+07
918.0000 3.6332e+07
919.0000 3.6457e+07
920.0000 3.6010e+07
921.0000 3.5109e+07
922.0000 3.4975e+07
923.0000 3.4015e+07
924.0000 3.5092e+07
925.0000 3.5084e+07
926.0000 3.4637e+07
927.0000 3.5739e+07
928.0000 3.5797e+07
929.0000 3.5322e+07
930.0000 3.5505e+07
931.0000 3.5505e+07
932.0000 3.5317e+07
933.0000 3.5451e+07
934.0000 3.5363e+07
935.0000 3.4946e+07
936.0000 3.4775e+07
937.0000 3.5021e+07
938.0000 3.4992e+07
939.0000 3.4741e+07
940.0000 3.4332e+07
941.0000 3.3084e+07
942.0000 3.3773e+07
943.0000 3.4186e+07
944.0000 3.3727e+07
945.0000 3.4065e+07
946.0000 3.4186e+07
947.0000 3.4261e+07
948.0000 3.4290e+07
949.0000 3.4261e+07
950.0000 3.4019e+07
951.0000 3.3835e+07
952.0000 3.3865e+07
953.0000 3.3556e+07
954.0000 3.2529e+07
955.0000 3.1978e+07
956.0000 3.3330e+07
957.0000 3.3071e+07
958.0000 3.3430e+07
959.0000 3.3464e+07
960.0000 3.2992e+07
961.0000 3.3151e+07
962.0000 3.2867e+07
963.0000 3.2704e+07
964.0000 3.2692e+07
965.0000 3.2562e+07
966.0000 3.2299e+07
967.0000 3.2579e+07
968.0000 3.2533e+07
969.0000 3.2512e+07
970.0000 3.2479e+07
971.0000 3.2378e+07
972.0000 3.2454e+07
973.0000 3.2111e+07
974.0000 3.1719e+07
975.0000 3.2103e+07
976.0000 3.1923e+07
977.0000 3.1852e+07
978.0000 3.1806e+07
979.0000 3.1539e+07
980.0000 3.1702e+07
981.0000 3.1873e+07
982.0000 3.1765e+07
983.0000 3.1535e+07
984.0000 3.1493e+07
985.0000 3.1518e+07
986.0000 3.1285e+07
987.0000 3.1222e+07
988.0000 3.1264e+07
989.0000 3.0771e+07
990.0000 3.0901e+07
991.0000 3.0955e+07
992.0000 3.1051e+07
993.0000 3.0967e+07
994.0000 3.0967e+07
995.0000 3.0830e+07
996.0000 3.0805e+07
997.0000 3.0792e+07
998.0000 3.0688e+07
999.0000 3.0546e+07
1000.0000 3.0504e+07
1001.0000 3.0692e+07
1002.0000 3.0558e+07
1003.0000 3.0195e+07
1004.0000 2.9640e+07
1005.0000 2.8300e+07
1006.0000 2.9548e+07
1007.0000 3.0091e+07
1008.0000 3.0070e+07
1009.0000 3.0053e+07
1010.0000 3.0007e+07
1011.0000 2.9920e+07
1012.0000 2.9811e+07
1013.0000 2.9811e+07
1014.0000 2.9602e+07
1015.0000 2.9431e+07
1016.0000 2.9318e+07
1017.0000 2.9410e+07
1018.0000 2.9218e+07
1019.0000 2.8863e+07
1020.0000 2.9106e+07
1021.0000 2.9018e+07
1022.0000 2.8888e+07
1023.0000 2.9222e+07
1024.0000 2.9122e+07
1025.0000 2.9101e+07
1026.0000 2.9043e+07
1027.0000 2.8968e+07
1028.0000 2.8930e+07
1029.0000 2.8609e+07
1030.0000 2.8705e+07
1031.0000 2.8634e+07
1032.0000 2.8517e+07
1033.0000 2.8095e+07
1034.0000 2.8087e+07
1035.0000 2.8175e+07
1036.0000 2.8350e+07
1037.0000 2.7878e+07
1038.0000 2.8012e+07
1039.0000 2.8012e+07
1040.0000 2.7903e+07
1041.0000 2.8037e+07
1042.0000 2.7845e+07
1043.0000 2.7770e+07
1044.0000 2.7882e+07
1045.0000 2.7519e+07
1046.0000 2.7231e+07
1047.0000 2.7494e+07
1048.0000 2.7665e+07
1049.0000 2.7586e+07
1050.0000 2.7482e+07
1051.0000 2.7469e+07
1052.0000 2.7381e+07
1053.0000 2.7194e+07
1054.0000 2.7285e+07
1055.0000 2.7340e+07
1056.0000 2.7285e+07
1057.0000 2.7235e+07
1058.0000 2.6601e+07
1059.0000 2.6672e+07
1060.0000 2.6651e+07
1061.0000 2.6642e+07
1062.0000 2.6826e+07
1063.0000 2.6592e+07
1064.0000 2.6893e+07
1065.0000 2.6797e+07
1066.0000 2.6192e+07
1067.0000 2.6555e+07
1068.0000 2.6050e+07
1069.0000 2.5198e+07
1070.0000 2.6142e+07
1071.0000 2.6288e+07
1072.0000 2.6183e+07
1073.0000 2.5749e+07
1074.0000 2.6154e+07
1075.0000 2.5599e+07
1076.0000 2.6179e+07
1077.0000 2.6175e+07
1078.0000 2.5787e+07
1079.0000 2.5645e+07
1080.0000 2.6004e+07
1081.0000 2.5286e+07
1082.0000 2.5060e+07
1083.0000 2.5023e+07
1084.0000 2.5632e+07
1085.0000 2.5783e+07
1086.0000 2.5465e+07
1087.0000 2.4601e+07
1088.0000 2.5148e+07
1089.0000 2.5110e+07
1090.0000 2.5444e+07
1091.0000 2.5319e+07
1092.0000 2.5085e+07
1093.0000 2.4259e+07
1094.0000 2.3244e+07
1095.0000 2.4359e+07
1096.0000 2.4338e+07
1097.0000 2.4376e+07
1098.0000 2.4042e+07
1099.0000 2.4597e+07
1100.0000 2.4743e+07
1101.0000 2.4413e+07
1102.0000 2.4096e+07
1103.0000 2.4568e+07
1104.0000 2.4484e+07
1105.0000 2.4476e+07
1106.0000 2.4401e+07
1107.0000 2.4313e+07
1108.0000 2.4326e+07
1109.0000 2.4301e+07
1110.0000 2.4309e+07
1111.0000 2.4121e+07
1112.0000 2.3958e+07
1113.0000 2.3900e+07
1114.0000 2.4108e+07
1115.0000 2.3912e+07
1116.0000 2.3929e+07
1117.0000 2.4033e+07
1118.0000 2.3808e+07
1119.0000 2.3482e+07
1120.0000 2.3486e+07
1121.0000 2.3641e+07
1122.0000 2.3733e+07
1123.0000 2.3695e+07
1124.0000 2.3528e+07
1125.0000 2.2881e+07
1126.0000 2.3107e+07
1127.0000 2.3294e+07
1128.0000 2.3203e+07
1129.0000 2.2948e+07
1130.0000 2.2994e+07
1131.0000 2.3111e+07
1132.0000 2.3119e+07
1133.0000 2.2739e+07
1134.0000 2.2965e+07
1135.0000 2.2973e+07
1136.0000 2.3002e+07
1137.0000 2.2768e+07
1138.0000 2.2472e+07
1139.0000 2.2551e+07
1140.0000 2.2372e+07
1141.0000 2.2405e+07
1142.0000 2.2493e+07
1143.0000 2.2547e+07
1144.0000 2.2338e+07
1145.0000 2.2522e+07
1146.0000 2.2681e+07
1147.0000 2.2618e+07
1148.0000 2.2472e+07
1149.0000 2.2430e+07
1150.0000 2.2368e+07
1151.0000 2.2351e+07
1152.0000 2.2171e+07
1153.0000 2.2297e+07
1154.0000 2.2338e+07
1155.0000 2.2213e+07
1156.0000 2.2142e+07
1157.0000 2.2146e+07
1158.0000 2.2088e+07
1159.0000 2.1579e+07
1160.0000 2.1633e+07
1161.0000 2.1224e+07
1162.0000 2.1792e+07
1163.0000 2.1775e+07
1164.0000 2.1487e+07
1165.0000 2.1604e+07
1166.0000 2.1433e+07
1167.0000 2.1579e+07
1168.0000 2.1612e+07
1169.0000 2.1144e+07
1170.0000 2.1541e+07
1171.0000 2.1604e+07
1172.0000 2.1545e+07
1173.0000 2.1524e+07
1174.0000 2.1424e+07
1175.0000 2.0823e+07
1176.0000 2.1174e+07
1177.0000 2.1170e+07
1178.0000 2.0923e+07
1179.0000 2.1228e+07
1180.0000 2.1278e+07
1181.0000 2.1128e+07
1182.0000 2.0873e+07
1183.0000 2.0268e+07
1184.0000 2.0865e+07
1185.0000 2.1053e+07
1186.0000 2.1007e+07
1187.0000 2.1003e+07
1188.0000 2.0234e+07
1189.0000 2.0201e+07
1190.0000 2.0790e+07
1191.0000 2.0919e+07
1192.0000 2.0815e+07
1193.0000 2.0794e+07
1194.0000 2.0756e+07
1195.0000 2.0502e+07
1196.0000 2.0522e+07
1197.0000 2.0017e+07
1198.0000 1.9796e+07
1199.0000 1.9583e+07
1200.0000 2.0397e+07
1201.0000 2.0485e+07
1202.0000 2.0372e+07
1203.0000 1.9521e+07
1204.0000 1.9988e+07
1205.0000 2.0226e+07
1206.0000 2.0251e+07
1207.0000 2.0214e+07
1208.0000 1.9182e+07
1209.0000 1.9566e+07
1210.0000 1.9675e+07
1211.0000 1.9746e+07
1212.0000 1.9984e+07
1213.0000 1.9959e+07
1214.0000 1.9963e+07
1215.0000 1.9955e+07
1216.0000 1.9921e+07
1217.0000 1.9867e+07
1218.0000 1.9792e+07
1219.0000 1.9708e+07
1220.0000 1.9767e+07
1221.0000 1.9688e+07
1222.0000 1.9612e+07
1223.0000 1.9550e+07
1224.0000 1.9604e+07
1225.0000 1.9541e+07
1226.0000 1.9454e+07
1227.0000 1.9066e+07
1228.0000 1.9379e+07
1229.0000 1.9416e+07
1230.0000 1.9312e+07
1231.0000 1.9249e+07
1232.0000 1.9157e+07
1233.0000 1.9195e+07
1234.0000 1.9095e+07
1235.0000 1.9074e+07
1236.0000 1.9132e+07
1237.0000 1.9107e+07
1238.0000 1.9066e+07
1239.0000 1.8828e+07
1240.0000 1.8865e+07
1241.0000 1.8944e+07
1242.0000 1.8752e+07
1243.0000 1.8590e+07
1244.0000 1.8773e+07
1245.0000 1.8823e+07
1246.0000 1.8707e+07
1247.0000 1.8681e+07
1248.0000 1.8757e+07
1249.0000 1.8736e+07
1250.0000 1.8673e+07
1251.0000 1.8540e+07
1252.0000 1.8410e+07
1253.0000 1.8502e+07
1254.0000 1.8506e+07
1255.0000 1.8456e+07
1256.0000 1.8385e+07
1257.0000 1.8377e+07
1258.0000 1.8360e+07
1259.0000 1.8402e+07
1260.0000 1.8410e+07
1261.0000 1.8306e+07
1262.0000 1.8264e+07
1263.0000 1.8331e+07
1264.0000 1.8155e+07
1265.0000 1.8189e+07
1266.0000 1.8222e+07
1267.0000 1.8043e+07
1268.0000 1.7918e+07
1269.0000 1.8105e+07
1270.0000 1.8168e+07
1271.0000 1.8122e+07
1272.0000 1.8076e+07
1273.0000 1.7993e+07
1274.0000 1.7922e+07
1275.0000 1.7993e+07
1276.0000 1.7988e+07
1277.0000 1.7943e+07
1278.0000 1.7863e+07
1279.0000 1.7721e+07
1280.0000 1.7496e+07
1281.0000 1.6523e+07
1282.0000 1.5651e+07
1283.0000 1.6911e+07
1284.0000 1.7383e+07
1285.0000 1.7458e+07
1286.0000 1.7529e+07
1287.0000 1.7567e+07
1288.0000 1.7500e+07
1289.0000 1.7500e+07
1290.0000 1.7279e+07
1291.0000 1.7417e+07
1292.0000 1.7492e+07
1293.0000 1.7391e+07
1294.0000 1.7354e+07
1295.0000 1.7425e+07
1296.0000 1.7429e+07
1297.0000 1.7275e+07
1298.0000 1.7254e+07
1299.0000 1.7341e+07
1300.0000 1.7275e+07
1301.0000 1.7170e+07
1302.0000 1.7091e+07
1303.0000 1.6962e+07
1304.0000 1.7016e+07
1305.0000 1.7108e+07
1306.0000 1.7099e+07
1307.0000 1.7003e+07
1308.0000 1.6982e+07
1309.0000 1.6970e+07
1310.0000 1.6861e+07
1311.0000 1.6853e+07
1312.0000 1.6398e+07
1313.0000 1.6540e+07
1314.0000 1.6682e+07
1315.0000 1.6189e+07
1316.0000 1.6577e+07
1317.0000 1.6653e+07
1318.0000 1.6582e+07
1319.0000 1.6699e+07
1320.0000 1.6615e+07
1321.0000 1.6519e+07
1322.0000 1.6552e+07
1323.0000 1.6536e+07
1324.0000 1.6548e+07
1325.0000 1.6473e+07
1326.0000 1.6377e+07
1327.0000 1.6360e+07
1328.0000 1.6210e+07
1329.0000 1.6014e+07
1330.0000 1.6252e+07
1331.0000 1.6210e+07
1332.0000 1.6031e+07
1333.0000 1.6285e+07
1334.0000 1.6302e+07
1335.0000 1.6198e+07
1336.0000 1.6223e+07
1337.0000 1.6156e+07
1338.0000 1.6060e+07
1339.0000 1.5818e+07
1340.0000 1.5989e+07
1341.0000 1.6018e+07
1342.0000 1.6006e+07
1343.0000 1.5989e+07
1344.0000 1.6031e+07
1345.0000 1.5947e+07
1346.0000 1.5876e+07
1347.0000 1.5910e+07
1348.0000 1.5901e+07
1349.0000 1.5780e+07
1350.0000 1.5659e+07
1351.0000 1.5768e+07
1352.0000 1.5826e+07
1353.0000 1.5759e+07
1354.0000 1.5667e+07
1355.0000 1.5513e+07
1356.0000 1.5442e+07
1357.0000 1.5463e+07
1358.0000 1.5580e+07
1359.0000 1.5429e+07
1360.0000 1.5442e+07
1361.0000 1.5563e+07
1362.0000 1.5396e+07
1363.0000 1.5321e+07
1364.0000 1.5384e+07
1365.0000 1.5421e+07
1366.0000 1.5325e+07
1367.0000 1.5275e+07
1368.0000 1.5217e+07
1369.0000 1.5116e+07
1370.0000 1.5108e+07
1371.0000 1.5137e+07
1372.0000 1.5262e+07
1373.0000 1.5254e+07
1374.0000 1.5121e+07
1375.0000 1.4999e+07
1376.0000 1.4933e+07
1377.0000 1.5058e+07
1378.0000 1.5079e+07
1379.0000 1.5108e+07
1380.0000 1.5045e+07
1381.0000 1.4995e+07
1382.0000 1.4870e+07
1383.0000 1.4933e+07
1384.0000 1.4958e+07
1385.0000 1.4878e+07
1386.0000 1.4883e+07
1387.0000 1.4853e+07
1388.0000 1.4903e+07
1389.0000 1.4820e+07
1390.0000 1.4732e+07
1391.0000 1.4832e+07
1392.0000 1.4782e+07
1393.0000 1.4728e+07
1394.0000 1.4657e+07
1395.0000 1.4632e+07
1396.0000 1.4686e+07
1397.0000 1.4699e+07
1398.0000 1.4678e+07
1399.0000 1.4519e+07
1400.0000 1.4315e+07
1401.0000 1.4423e+07
1402.0000 1.4498e+07
1403.0000 1.4390e+07
1404.0000 1.4398e+07
1405.0000 1.4423e+07
1406.0000 1.4390e+07
1407.0000 1.4386e+07
1408.0000 1.4386e+07
1409.0000 1.4411e+07
1410.0000 1.4340e+07
1411.0000 1.4043e+07
1412.0000 1.4048e+07
1413.0000 1.4127e+07
1414.0000 1.4185e+07
1415.0000 1.4231e+07
1416.0000 1.4139e+07
1417.0000 1.4227e+07
1418.0000 1.4165e+07
1419.0000 1.4060e+07
1420.0000 1.4060e+07
1421.0000 1.3927e+07
1422.0000 1.3822e+07
1423.0000 1.3851e+07
1424.0000 1.3860e+07
1425.0000 1.3780e+07
1426.0000 1.3693e+07
1427.0000 1.3747e+07
1428.0000 1.3789e+07
1429.0000 1.3555e+07
1430.0000 1.3722e+07
1431.0000 1.3739e+07
1432.0000 1.3947e+07
1433.0000 1.3810e+07
1434.0000 1.3780e+07
1435.0000 1.3818e+07
1436.0000 1.3789e+07
1437.0000 1.3805e+07
1438.0000 1.3793e+07
1439.0000 1.3659e+07
1440.0000 1.3117e+07
1441.0000 1.3463e+07
1442.0000 1.3292e+07
1443.0000 1.3434e+07
1444.0000 1.3384e+07
1445.0000 1.3559e+07
1446.0000 1.3451e+07
1447.0000 1.3455e+07
1448.0000 1.3534e+07
1449.0000 1.3488e+07
1450.0000 1.3309e+07
1451.0000 1.3167e+07
1452.0000 1.3300e+07
1453.0000 1.3275e+07
1454.0000 1.3129e+07
1455.0000 1.3113e+07
1456.0000 1.3154e+07
1457.0000 1.3238e+07
1458.0000 1.3346e+07
1459.0000 1.3292e+07
1460.0000 1.3213e+07
1461.0000 1.3167e+07
1462.0000 1.3054e+07
1463.0000 1.3000e+07
1464.0000 1.3083e+07
1465.0000 1.2996e+07
1466.0000 1.3087e+07
1467.0000 1.3062e+07
1468.0000 1.3008e+07
1469.0000 1.3087e+07
1470.0000 1.2870e+07
1471.0000 1.2858e+07
1472.0000 1.2804e+07
1473.0000 1.2662e+07
1474.0000 1.2641e+07
1475.0000 1.2674e+07
1476.0000 1.2728e+07
1477.0000 1.2666e+07
1478.0000 1.2670e+07
1479.0000 1.2837e+07
1480.0000 1.2753e+07
1481.0000 1.2708e+07
1482.0000 1.2683e+07
1483.0000 1.2574e+07
1484.0000 1.2749e+07
1485.0000 1.2774e+07
1486.0000 1.2612e+07
1487.0000 1.2090e+07
1488.0000 1.1660e+07
1489.0000 1.2557e+07
1490.0000 1.2632e+07
1491.0000 1.2578e+07
1492.0000 1.2570e+07
1493.0000 1.2641e+07
1494.0000 1.2657e+07
1495.0000 1.2440e+07
1496.0000 1.2265e+07
1497.0000 1.2415e+07
1498.0000 1.2420e+07
1499.0000 1.2424e+07
1500.0000 1.2495e+07
1501.0000 1.2420e+07
1502.0000 1.1793e+07
1503.0000 1.1618e+07
1504.0000 1.1459e+07
1505.0000 1.1447e+07
1506.0000 1.1985e+07
1507.0000 1.2173e+07
1508.0000 1.1977e+07
1509.0000 1.2148e+07
1510.0000 1.2265e+07
1511.0000 1.2215e+07
1512.0000 1.1990e+07
1513.0000 1.1960e+07
1514.0000 1.1973e+07
1515.0000 1.2031e+07
1516.0000 1.1927e+07
1517.0000 1.1985e+07
1518.0000 1.1998e+07
1519.0000 1.1969e+07
1520.0000 1.1906e+07
1521.0000 1.1743e+07
1522.0000 1.1739e+07
1523.0000 1.1848e+07
1524.0000 1.1752e+07
1525.0000 1.1785e+07
1526.0000 1.1868e+07
1527.0000 1.1868e+07
1528.0000 1.1839e+07
1529.0000 1.1501e+07
1530.0000 1.1418e+07
1531.0000 1.1739e+07
1532.0000 1.1689e+07
1533.0000 1.1576e+07
1534.0000 1.1472e+07
1535.0000 1.1605e+07
1536.0000 1.1656e+07
1537.0000 1.1551e+07
1538.0000 1.1430e+07
1539.0000 1.1351e+07
1540.0000 1.1246e+07
1541.0000 1.1376e+07
1542.0000 1.1405e+07
1543.0000 1.1472e+07
1544.0000 1.1497e+07
1545.0000 1.1514e+07
1546.0000 1.1438e+07
1547.0000 1.1192e+07
1548.0000 1.1184e+07
1549.0000 1.1234e+07
1550.0000 1.1180e+07
1551.0000 1.1288e+07
1552.0000 1.1305e+07
1553.0000 1.1105e+07
1554.0000 1.1042e+07
1555.0000 1.1038e+07
1556.0000 1.1046e+07
1557.0000 1.1163e+07
1558.0000 1.1105e+07
1559.0000 1.1042e+07
1560.0000 1.1121e+07
1561.0000 1.1192e+07
1562.0000 1.1109e+07
1563.0000 1.0992e+07
1564.0000 1.1054e+07
1565.0000 1.1025e+07
1566.0000 1.0904e+07
1567.0000 1.0904e+07
1568.0000 1.0812e+07
1569.0000 1.0833e+07
1570.0000 1.0938e+07
1571.0000 1.1025e+07
1572.0000 1.0950e+07
1573.0000 1.0896e+07
1574.0000 1.0533e+07
1575.0000 1.0428e+07
1576.0000 1.0332e+07
1577.0000 1.0090e+07
1578.0000 1.0629e+07
1579.0000 1.0800e+07
1580.0000 1.0854e+07
1581.0000 1.0687e+07
1582.0000 1.0445e+07
1583.0000 1.0524e+07
1584.0000 1.0583e+07
1585.0000 1.0666e+07
1586.0000 1.0574e+07
1587.0000 1.0395e+07
1588.0000 9.9982e+06
1589.0000 9.6768e+06
1590.0000 9.9314e+06
1591.0000 1.0157e+07
1592.0000 1.0524e+07
1593.0000 1.0616e+07
1594.0000 1.0649e+07
1595.0000 1.0470e+07
1596.0000 1.0182e+07
1597.0000 1.0499e+07
1598.0000 1.0553e+07
1599.0000 1.0432e+07
1600.0000 1.0341e+07
1601.0000 1.0224e+07
1602.0000 1.0295e+07
1603.0000 1.0332e+07
1604.0000 1.0257e+07
1605.0000 1.0245e+07
1606.0000 1.0132e+07
1607.0000 1.0219e+07
1608.0000 1.0265e+07
1609.0000 9.9565e+06
1610.0000 9.7519e+06
1611.0000 9.9356e+06
1612.0000 1.0019e+07
1613.0000 1.0082e+07
1614.0000 1.0057e+07
1615.0000 9.8187e+06
1616.0000 9.6726e+06
1617.0000 9.8980e+06
1618.0000 1.0027e+07
1619.0000 9.9022e+06
1620.0000 9.6267e+06
1621.0000 9.7561e+06
1622.0000 9.9106e+06
1623.0000 1.0048e+07
1624.0000 9.9648e+06
1625.0000 9.9231e+06
1626.0000 9.9607e+06
1627.0000 1.0019e+07
1628.0000 1.0023e+07
1629.0000 9.9064e+06
1630.0000 9.8646e+06
1631.0000 9.8772e+06
1632.0000 9.8229e+06
1633.0000 9.6643e+06
1634.0000 9.7102e+06
1635.0000 9.7686e+06
1636.0000 9.5599e+06
1637.0000 9.3971e+06
1638.0000 9.1717e+06
1639.0000 9.2134e+06
1640.0000 9.2343e+06
1641.0000 9.1842e+06
1642.0000 9.2844e+06
1643.0000 9.3303e+06
1644.0000 9.2551e+06
1645.0000 9.3261e+06
1646.0000 9.4138e+06
1647.0000 9.4180e+06
1648.0000 9.3470e+06
1649.0000 9.3094e+06
1650.0000 9.3345e+06
1651.0000 9.3178e+06
1652.0000 9.3595e+06
1653.0000 9.3637e+06
1654.0000 9.3386e+06
1655.0000 9.3553e+06
1656.0000 9.3971e+06
1657.0000 9.3762e+06
1658.0000 9.3386e+06
1659.0000 9.3094e+06
1660.0000 9.3846e+06
1661.0000 9.3804e+06
1662.0000 9.3052e+06
1663.0000 9.2593e+06
1664.0000 9.2385e+06
1665.0000 9.1591e+06
1666.0000 9.1299e+06
1667.0000 9.0756e+06
1668.0000 8.9838e+06
1669.0000 9.1132e+06
1670.0000 9.1424e+06
1671.0000 8.9713e+06
1672.0000 8.7876e+06
1673.0000 8.9504e+06
1674.0000 8.9421e+06
1675.0000 8.7667e+06
1676.0000 8.7834e+06
1677.0000 8.8502e+06
1678.0000 8.7792e+06
1679.0000 8.6123e+06
1680.0000 8.3075e+06
1681.0000 8.2282e+06
1682.0000 8.4494e+06
1683.0000 8.6373e+06
1684.0000 8.7333e+06
1685.0000 8.7375e+06
1686.0000 8.7208e+06
1687.0000 8.7208e+06
1688.0000 8.7083e+06
1689.0000 8.6206e+06
1690.0000 8.7166e+06
1691.0000 8.7667e+06
1692.0000 8.7751e+06
1693.0000 8.7584e+06
1694.0000 8.7375e+06
1695.0000 8.7166e+06
1696.0000 8.6874e+06
1697.0000 8.6749e+06
1698.0000 8.6665e+06
1699.0000 8.5997e+06
1700.0000 8.5288e+06
1701.0000 8.5121e+06
1702.0000 8.4578e+06
1703.0000 8.4411e+06
1704.0000 8.5288e+06
1705.0000 8.4661e+06
1710.0000 8.2699e+06
1715.0000 8.3200e+06
1720.0000 8.1781e+06
1725.0000 8.0696e+06
1730.0000 7.9777e+06
1735.0000 7.5728e+06
1740.0000 7.7147e+06
1745.0000 7.7523e+06
1750.0000 7.6938e+06
1755.0000 7.6897e+06
1760.0000 7.5811e+06
1765.0000 7.5018e+06
1770.0000 7.4434e+06
1775.0000 7.3390e+06
1780.0000 7.2430e+06
1785.0000 7.2054e+06
1790.0000 7.1845e+06
1795.0000 7.1010e+06
1800.0000 7.0217e+06
1805.0000 6.9633e+06
1810.0000 6.9048e+06
1815.0000 6.6084e+06
1820.0000 6.4915e+06
1825.0000 6.6752e+06
1830.0000 6.6460e+06
1835.0000 6.5792e+06
1840.0000 6.4915e+06
1845.0000 6.3872e+06
1850.0000 6.3997e+06
1855.0000 6.3454e+06
1860.0000 6.2619e+06
1865.0000 6.1743e+06
1870.0000 6.0741e+06
1875.0000 5.6274e+06
1880.0000 5.9447e+06
1885.0000 5.9739e+06
1890.0000 5.8821e+06
1895.0000 5.7526e+06
1900.0000 5.7944e+06
1905.0000 5.7652e+06
1910.0000 5.7025e+06
1915.0000 5.6650e+06
1920.0000 5.5982e+06
1925.0000 5.5690e+06
1930.0000 5.4395e+06
1935.0000 5.4354e+06
1940.0000 5.3101e+06
1945.0000 5.0221e+06
1950.0000 5.2016e+06
1955.0000 5.2893e+06
1960.0000 5.2225e+06
1965.0000 5.1348e+06
1970.0000 5.1139e+06
1975.0000 5.0263e+06
1980.0000 4.9720e+06
1985.0000 4.9386e+06
1990.0000 4.9344e+06
1995.0000 4.8509e+06
2000.0000 4.8384e+06
2005.0000 4.7883e+06
2010.0000 4.7758e+06
2015.0000 4.7340e+06
2020.0000 4.6505e+06
2025.0000 4.6255e+06
2030.0000 4.5545e+06
2035.0000 4.5128e+06
2040.0000 4.4919e+06
2045.0000 4.4961e+06
2050.0000 4.4418e+06
2055.0000 4.3959e+06
2060.0000 4.3291e+06
2065.0000 4.2957e+06
2070.0000 4.2706e+06
2075.0000 4.2665e+06
2080.0000 4.1997e+06
2085.0000 4.1629e+06
2090.0000 4.1220e+06
2095.0000 4.0615e+06
2100.0000 4.0682e+06
2105.0000 4.0427e+06
2110.0000 3.9964e+06
2115.0000 3.9613e+06
2120.0000 3.9116e+06
2125.0000 3.8761e+06
2130.0000 3.8728e+06
2135.0000 3.8260e+06
2140.0000 3.8160e+06
2145.0000 3.7818e+06
2150.0000 3.7601e+06
2155.0000 3.7242e+06
2160.0000 3.6645e+06
2165.0000 3.4524e+06
2170.0000 3.5518e+06
2175.0000 3.5743e+06
2180.0000 3.5447e+06
2185.0000 3.5309e+06
2190.0000 3.4892e+06
2195.0000 3.4804e+06
2200.0000 3.4474e+06
2205.0000 3.3681e+06
2210.0000 3.3597e+06
2215.0000 3.3476e+06
2220.0000 3.3268e+06
2225.0000 3.2846e+06
2230.0000 3.2675e+06
2235.0000 3.2399e+06
2240.0000 3.1961e+06
2245.0000 3.1794e+06
2250.0000 3.1481e+06
2255.0000 3.1126e+06
2260.0000 3.0951e+06
2265.0000 3.0671e+06
2270.0000 3.0550e+06
2275.0000 3.0324e+06
2280.0000 2.9815e+06
2285.0000 2.9652e+06
2290.0000 2.9490e+06
2295.0000 2.8843e+06
2300.0000 2.8880e+06
2305.0000 2.8792e+06
2310.0000 2.8567e+06
2315.0000 2.8220e+06
2320.0000 2.7849e+06
2325.0000 2.7277e+06
2330.0000 2.7390e+06
2335.0000 2.7173e+06
2340.0000 2.7081e+06
2345.0000 2.6972e+06
2350.0000 2.6513e+06
2355.0000 2.5966e+06
2360.0000 2.6075e+06
2365.0000 2.6008e+06
2370.0000 2.5703e+06
2375.0000 2.5419e+06
2380.0000 2.5277e+06
2385.0000 2.4447e+06
2390.0000 2.4655e+06
2395.0000 2.4564e+06
2400.0000 2.4409e+06
2405.0000 2.4267e+06
2410.0000 2.4083e+06
2415.0000 2.3361e+06
2420.0000 2.3470e+06
2425.0000 2.3386e+06
2430.0000 2.3294e+06
2435.0000 2.3023e+06
2440.0000 2.2965e+06
2445.0000 2.2664e+06
2450.0000 2.2280e+06
2455.0000 2.2113e+06
2460.0000 2.2171e+06
2465.0000 2.2121e+06
2470.0000 2.1779e+06
2475.0000 2.1737e+06
2480.0000 2.1291e+06
2485.0000 2.1144e+06
2490.0000 2.1203e+06
2495.0000 2.1082e+06
2500.0000 2.1015e+06
2505.0000 2.0861e+06
2510.0000 2.0535e+06
2515.0000 2.0431e+06
2520.0000 2.0376e+06
2525.0000 2.0272e+06
2530.0000 2.0147e+06
2535.0000 1.9951e+06
2540.0000 1.9621e+06
2545.0000 1.9558e+06
2550.0000 1.9441e+06
2555.0000 1.9283e+06
2560.0000 1.9149e+06
2565.0000 1.9020e+06
2570.0000 1.8932e+06
2575.0000 1.8899e+06
2580.0000 1.8673e+06
2585.0000 1.8222e+06
2590.0000 1.8389e+06
2595.0000 1.8268e+06
2600.0000 1.8176e+06
2605.0000 1.8093e+06
2610.0000 1.7938e+06
2615.0000 1.7771e+06
2620.0000 1.7446e+06
2625.0000 1.6632e+06
2630.0000 1.7120e+06
2635.0000 1.7287e+06
2640.0000 1.6945e+06
2645.0000 1.6995e+06
2650.0000 1.6928e+06
2655.0000 1.6711e+06
2660.0000 1.6682e+06
2665.0000 1.6352e+06
2670.0000 1.6461e+06
2675.0000 1.6310e+06
2680.0000 1.6277e+06
2685.0000 1.6210e+06
2690.0000 1.6089e+06
2695.0000 1.5960e+06
2700.0000 1.5889e+06
2705.0000 1.5763e+06
2710.0000 1.5634e+06
2715.0000 1.5555e+06
2720.0000 1.5446e+06
2725.0000 1.5317e+06
2730.0000 1.5237e+06
2735.0000 1.5150e+06
2740.0000 1.5016e+06
2745.0000 1.4962e+06
2750.0000 1.4837e+06
2755.0000 1.4620e+06
2760.0000 1.4444e+06
2765.0000 1.4465e+06
2770.0000 1.4428e+06
2775.0000 1.4298e+06
2780.0000 1.4231e+06
2785.0000 1.4139e+06
2790.0000 1.4094e+06
2795.0000 1.3998e+06
2800.0000 1.3881e+06
2805.0000 1.3785e+06
2810.0000 1.3722e+06
2815.0000 1.3622e+06
2820.0000 1.3534e+06
2825.0000 1.3434e+06
2830.0000 1.3359e+06
2835.0000 1.3284e+06
2840.0000 1.3142e+06
2845.0000 1.3079e+06
2850.0000 1.2987e+06
2855.0000 1.2912e+06
2860.0000 1.2833e+06
2865.0000 1.2720e+06
2870.0000 1.2499e+06
2875.0000 1.2428e+06
2880.0000 1.2474e+06
2885.0000 1.2411e+06
2890.0000 1.2328e+06
2895.0000 1.2265e+06
2900.0000 1.2182e+06
2905.0000 1.2102e+06
2910.0000 1.2035e+06
2915.0000 1.1948e+06
2920.0000 1.1868e+06
2925.0000 1.1743e+06
2930.0000 1.1701e+06
2935.0000 1.1647e+06
2940.0000 1.1564e+06
2945.0000 1.1468e+06
2950.0000 1.1409e+06
2955.0000 1.1351e+06
2960.0000 1.1288e+06
2965.0000 1.1226e+06
2970.0000 1.1150e+06
2975.0000 1.1084e+06
2980.0000 1.1000e+06
2985.0000 1.0938e+06
2990.0000 1.0858e+06
2995.0000 1.0775e+06
3000.0000 1.0687e+06
3005.0000 1.0666e+06
3010.0000 1.0599e+06
3015.0000 1.0528e+06
3020.0000 1.0457e+06
3025.0000 1.0391e+06
3030.0000 1.0307e+06
3035.0000 1.0153e+06
3040.0000 9.9899e+05
3045.0000 1.0082e+06
3050.0000 1.0078e+06
3055.0000 1.0007e+06
3060.0000 9.9481e+05
3065.0000 9.8605e+05
3070.0000 9.8146e+05
3075.0000 9.7812e+05
3080.0000 9.7018e+05
3085.0000 9.6267e+05
3090.0000 9.5849e+05
3095.0000 9.5265e+05
3100.0000 9.4597e+05
3105.0000 9.4263e+05
3110.0000 9.3512e+05
3115.0000 9.1884e+05
3120.0000 9.2176e+05
3125.0000 9.1884e+05
3130.0000 9.1341e+05
3135.0000 9.0882e+05
3140.0000 9.0297e+05
3145.0000 8.9754e+05
3150.0000 8.8711e+05
3155.0000 8.8460e+05
3160.0000 8.8168e+05
3165.0000 8.7458e+05
3170.0000 8.6791e+05
3175.0000 8.6624e+05
3180.0000 8.5914e+05
3185.0000 8.5538e+05
3190.0000 8.5121e+05
3195.0000 8.4620e+05
3200.0000 8.3827e+05
3205.0000 8.3534e+05
3210.0000 8.3117e+05
3215.0000 8.2449e+05
3220.0000 8.2115e+05
3225.0000 8.1572e+05
3230.0000 8.1113e+05
3235.0000 8.0529e+05
3240.0000 7.9986e+05
3245.0000 7.9485e+05
3250.0000 7.9318e+05
3255.0000 7.8733e+05
3260.0000 7.8233e+05
3265.0000 7.7773e+05
3270.0000 7.7398e+05
3275.0000 7.6855e+05
3280.0000 7.6270e+05
3285.0000 7.5811e+05
3290.0000 7.5143e+05
3295.0000 7.3599e+05
3300.0000 7.3473e+05
3305.0000 7.4058e+05
3310.0000 7.3807e+05
3315.0000 7.3098e+05
3320.0000 7.1845e+05
3325.0000 7.2305e+05
3330.0000 7.2179e+05
3335.0000 7.1720e+05
3340.0000 7.1219e+05
3345.0000 7.0969e+05
3350.0000 7.0468e+05
3355.0000 7.0092e+05
3360.0000 6.9800e+05
3365.0000 6.9215e+05
3370.0000 6.8631e+05
3375.0000 6.8464e+05
3380.0000 6.8088e+05
3385.0000 6.7754e+05
3390.0000 6.7504e+05
3395.0000 6.6627e+05
3400.0000 6.5750e+05
3405.0000 6.6043e+05
3410.0000 6.5750e+05
3415.0000 6.5166e+05
3420.0000 6.5082e+05
3425.0000 6.4707e+05
3430.0000 6.4331e+05
3435.0000 6.4164e+05
3440.0000 6.3830e+05
3445.0000 6.3454e+05
3450.0000 6.3120e+05
3455.0000 6.2745e+05
3460.0000 6.2452e+05
3465.0000 6.2077e+05
3470.0000 6.1618e+05
3475.0000 6.1284e+05
3480.0000 6.1033e+05
3485.0000 6.0699e+05
3490.0000 6.0365e+05
3495.0000 5.9989e+05
3500.0000 5.9739e+05
3505.0000 5.9447e+05
3510.0000 5.9113e+05
3515.0000 5.8737e+05
3520.0000 5.8403e+05
3525.0000 5.8111e+05
3530.0000 5.7819e+05
3535.0000 5.7359e+05
3540.0000 5.7067e+05
3545.0000 5.6942e+05
3550.0000 5.6608e+05
3555.0000 5.6107e+05
3560.0000 5.5773e+05
3565.0000 5.5648e+05
3570.0000 5.5272e+05
3575.0000 5.5022e+05
3580.0000 5.4646e+05
3585.0000 5.4395e+05
3590.0000 5.4187e+05
3595.0000 5.3853e+05
3600.0000 5.3560e+05
3605.0000 5.3393e+05
3610.0000 5.3101e+05
3615.0000 5.2851e+05
3620.0000 5.2600e+05
3625.0000 5.2266e+05
3630.0000 5.1974e+05
3635.0000 5.1724e+05
3640.0000 5.1390e+05
3645.0000 5.1014e+05
3650.0000 5.0680e+05
3655.0000 5.0263e+05
3660.0000 5.0137e+05
3665.0000 5.0012e+05
3670.0000 4.9678e+05
3675.0000 4.9344e+05
3680.0000 4.8718e+05
3685.0000 4.8676e+05
3690.0000 4.8676e+05
3695.0000 4.7966e+05
3700.0000 4.7299e+05
3705.0000 4.7424e+05
3710.0000 4.7257e+05
3715.0000 4.7173e+05
3720.0000 4.7132e+05
3725.0000 4.6965e+05
3730.0000 4.6714e+05
3735.0000 4.5963e+05
3740.0000 4.4877e+05
3745.0000 4.4794e+05
3750.0000 4.5211e+05
3755.0000 4.5128e+05
3760.0000 4.5086e+05
3765.0000 4.5002e+05
3770.0000 4.4794e+05
3775.0000 4.4376e+05
3780.0000 4.4209e+05
3785.0000 4.4084e+05
3790.0000 4.3750e+05
3795.0000 4.3541e+05
3800.0000 4.3374e+05
3805.0000 4.3207e+05
3810.0000 4.2957e+05
3815.0000 4.2748e+05
3820.0000 4.2623e+05
3825.0000 4.2539e+05
3830.0000 4.2289e+05
3835.0000 4.1955e+05
3840.0000 4.1830e+05
3845.0000 4.1709e+05
3850.0000 4.1504e+05
3855.0000 4.1258e+05
3860.0000 4.0936e+05
3865.0000 4.0657e+05
3870.0000 4.0498e+05
3875.0000 4.0419e+05
3880.0000 4.0206e+05
3885.0000 3.9843e+05
3890.0000 3.9768e+05
3895.0000 3.9555e+05
3900.0000 3.9342e+05
3905.0000 3.9233e+05
3910.0000 3.9066e+05
3915.0000 3.8878e+05
3920.0000 3.8665e+05
3925.0000 3.8515e+05
3930.0000 3.8298e+05
3935.0000 3.8077e+05
3940.0000 3.7960e+05
3945.0000 3.7697e+05
3950.0000 3.7371e+05
3955.0000 3.7137e+05
3960.0000 3.7033e+05
3965.0000 3.6962e+05
3970.0000 3.6791e+05
3975.0000 3.6586e+05
3980.0000 3.6386e+05
3985.0000 3.6081e+05
3990.0000 3.5856e+05
3995.0000 3.5622e+05
4000.0000 3.4649e+05
4020.0000 3.3293e+05
4040.0000 3.2625e+05
4060.0000 3.1969e+05
4080.0000 3.1335e+05
4100.0000 3.0713e+05
4120.0000 3.0112e+05
4140.0000 2.9519e+05
4160.0000 2.8943e+05
4180.0000 2.8379e+05
4200.0000 2.7832e+05
4220.0000 2.7294e+05
4240.0000 2.6772e+05
4260.0000 2.6258e+05
4280.0000 2.5762e+05
4300.0000 2.5273e+05
4320.0000 2.4801e+05
4340.0000 2.4334e+05
4360.0000 2.3883e+05
4380.0000 2.3436e+05
4400.0000 2.3006e+05
4420.0000 2.2581e+05
4440.0000 2.2171e+05
4460.0000 2.1767e+05
4480.0000 2.1370e+05
4500.0000 2.0982e+05
4520.0000 2.0606e+05
4540.0000 2.0234e+05
4560.0000 1.9875e+05
4580.0000 1.9525e+05
4600.0000 1.9178e+05
4620.0000 1.8840e+05
4640.0000 1.8510e+05
4660.0000 1.8185e+05
4680.0000 1.7872e+05
4700.0000 1.7563e+05
4720.0000 1.7258e+05
4740.0000 1.6966e+05
4760.0000 1.6673e+05
4780.0000 1.6390e+05
4800.0000 1.6110e+05
4820.0000 1.5839e+05
4840.0000 1.5576e+05
4860.0000 1.5313e+05
4880.0000 1.5058e+05
4900.0000 1.4807e+05
4920.0000 1.4561e+05
4940.0000 1.4323e+05
4960.0000 1.4089e+05
4980.0000 1.3860e+05
5000.0000 1.3634e+05
5050.0000 1.3346e+05
5100.0000 1.2850e+05
5150.0000 1.2374e+05
5200.0000 1.1914e+05
5250.0000 1.1484e+05
5300.0000 1.1071e+05
5350.0000 1.0679e+05
5400.0000 1.0299e+05
5450.0000 9.9356e+04
5500.0000 9.5933e+04
5550.0000 9.2593e+04
5600.0000 8.9462e+04
5650.0000 8.6457e+04
5700.0000 8.3534e+04
5750.0000 8.0779e+04
5800.0000 7.8107e+04
5850.0000 7.5561e+04
5900.0000 7.3098e+04
5950.0000 7.0760e+04
6000.0000 6.8506e+04
6050.0000 6.6335e+04
6100.0000 6.4248e+04
6150.0000 6.2244e+04
6200.0000 6.0323e+04
6250.0000 5.8487e+04
6300.0000 5.6691e+04
6350.0000 5.5022e+04
6400.0000 5.3352e+04
6450.0000 5.1807e+04
6500.0000 5.0263e+04
6550.0000 4.8760e+04
6600.0000 4.7340e+04
6650.0000 4.6004e+04
6700.0000 4.4669e+04
6750.0000 4.3416e+04
6800.0000 4.2205e+04
6850.0000 4.1016e+04
6900.0000 3.9876e+04
6950.0000 3.8782e+04
7000.0000 3.7722e+04
7050.0000 3.6695e+04
7100.0000 3.5706e+04
7150.0000 3.4750e+04
7200.0000 3.3823e+04
7250.0000 3.2929e+04
7300.0000 3.2065e+04
7350.0000 3.1230e+04
7400.0000 3.0421e+04
7450.0000 2.9640e+04
7500.0000 2.8880e+04
7550.0000 2.8150e+04
7600.0000 2.7436e+04
7650.0000 2.6747e+04
7700.0000 2.6083e+04
7750.0000 2.5440e+04
7800.0000 2.4814e+04
7850.0000 2.4209e+04
7900.0000 2.3620e+04
7950.0000 2.3052e+04
8000.0000 2.2497e+04
8050.0000 2.1963e+04
8100.0000 2.1445e+04
8150.0000 2.0936e+04
8200.0000 2.0447e+04
8250.0000 1.9971e+04
8300.0000 1.9508e+04
8350.0000 1.9061e+04
8400.0000 1.8627e+04
8450.0000 1.8206e+04
8500.0000 1.7796e+04
8550.0000 1.7391e+04
8600.0000 1.7003e+04
8650.0000 1.6628e+04
8700.0000 1.6260e+04
8750.0000 1.5901e+04
8800.0000 1.5559e+04
8850.0000 1.5221e+04
8900.0000 1.4891e+04
8950.0000 1.4574e+04
9000.0000 1.4265e+04
9050.0000 1.3960e+04
9100.0000 1.3664e+04
9150.0000 1.3380e+04
9200.0000 1.3100e+04
9250.0000 1.2829e+04
9300.0000 1.2566e+04
9350.0000 1.2307e+04
9400.0000 1.2052e+04
9450.0000 1.1810e+04
9500.0000 1.1568e+04
9550.0000 1.1338e+04
9600.0000 1.1109e+04
9650.0000 1.0887e+04
9700.0000 1.0675e+04
9750.0000 1.0466e+04
9800.0000 1.0257e+04
9850.0000 1.0061e+04
9900.0000 9.8646e+03
9950.0000 9.6726e+03
10000.0000 9.4848e+03
11000.0000 6.4289e+03
12000.0000 4.5295e+03
13000.0000 3.2796e+03
14000.0000 2.4342e+03
15000.0000 1.8444e+03
16000.0000 1.4198e+03
17000.0000 1.1130e+03
18000.0000 8.8502e+02
19000.0000 7.1177e+02
20000.0000 5.7819e+02
25000.0000 2.3791e+02
30000.0000 1.1522e+02
35000.0000 6.2118e+01
40000.0000 3.6611e+01
50000.0000 1.5062e+01
60000.0000 7.2764e+00
80000.0000 2.3123e+00
100000.0000 9.5182e-01
120000.0000 4.6004e-01
150000.0000 1.8915e-01
200000.0000 6.0156e-02
250000.0000 2.4697e-02
300000.0000 1.1601e-02
400000.0000 3.9717e-03
1000000.0000 1.3292e-04
