SEQ='HE'     NUCCHG= 2                                                  /LS/

   PARENT TERM INDEXING                 BWNP=    438949.6   NPRNTI= 1   NPRNTF= 1
   --------------------
   INDP         CODE                 S L   WI        WNP
   ----         ----                 - -   --  ----------
     1          1S1                 (2)0( 0.5)        0.0 

   LS RESOLVED TERM INDEXING            BWNR=    627564.9   NTRM=  71
   -------------------------
   INDX  INDP   CODE                 S L   WJ        WNR
   ----  ----   ----                 - -   --  ----------
     1  9999    1S2                 (1)0( 0.0)        0.0 
     2     1    1S1 2S1             (3)0( 1.0)   146832.7 
     3     1    1S1 2P1             (3)1( 4.0)   159981.5 
     4     1    1S1 2P1             (1)1( 1.0)   161877.3 
     5     1    1S1 2S1             (1)0( 0.0)   163211.1 
     6     1    1S1 3S1             (3)0( 1.0)   172710.3 
     7     1    1S1 3P1             (3)1( 4.0)   176031.2 
     8     1    1S1 3D1             (3)2( 7.0)   176418.6 
     9     1    1S1 3D1             (1)2( 2.0)   176424.4 
    10     1    1S1 3P1             (1)1( 1.0)   176642.5 
    11     1    1S1 3S1             (1)0( 0.0)   176733.1 
    12     1    1S1 4S1             (3)0( 1.0)   180274.0 
    13     1    1S1 4P1             (3)1( 4.0)   181587.3 
    14     1    1S1 4D1             (3)2( 7.0)   181754.6 
    15     1    1S1 4F1             (3)3(10.0)   181756.7 
    16     1    1S1 4F1             (1)3( 3.0)   181756.7 
    17     1    1S1 4D1             (1)2( 2.0)   181757.9 
    18     1    1S1 4S1             (1)0( 0.0)   181848.0 
    19     1    1S1 4P1             (1)1( 1.0)   181851.0 
    20     1    1S1 5S1             (3)0( 1.0)   183488.7 
    21     1    1S1 5P1             (3)1( 4.0)   184138.1 
    22     1    1S1 5G1             (3)4(13.0)   184219.1 
    23     1    1S1 5G1             (1)4( 4.0)   184219.1 
    24     1    1S1 5D1             (3)2( 7.0)   184224.6 
    25     1    1S1 5F1             (3)3(10.0)   184225.8 
    26     1    1S1 5F1             (1)3( 3.0)   184225.8 
    27     1    1S1 5D1             (1)2( 2.0)   184226.5 
    28     1    1S1 5S1             (1)0( 0.0)   184262.7 
    29     1    1S1 5P1             (1)1( 1.0)   184274.4 
    30     1    1S1 6S1             (3)0( 1.0)   185148.3 
    31     1    1S1 6P1             (3)1( 4.0)   185516.0 
    32     1    1S1 6G1             (3)4(13.0)   185563.1 
    33     1    1S1 6G1             (1)4( 4.0)   185563.1 
    34     1    1S1 6H1             (3)5(16.0)   185565.0 
    35     1    1S1 6H1             (1)5( 5.0)   185565.0 
    36     1    1S1 6D1             (3)2( 7.0)   185566.3 
    37     1    1S1 6F1             (3)3(10.0)   185567.0 
    38     1    1S1 6F1             (1)3( 3.0)   185567.0 
    39     1    1S1 6D1             (1)2( 2.0)   185567.5 
    40     1    1S1 6S1             (1)0( 0.0)   185585.0 
    41     1    1S1 6P1             (1)1( 1.0)   185595.2 
    42     1    1S1 7S1             (3)0( 1.0)   186115.3 
    43     1    1S1 7P1             (3)1( 4.0)   186343.5 
    44     1    1S1 7G1             (3)4(13.0)   186373.3 
    45     1    1S1 7G1             (1)4( 4.0)   186373.3 
    46     1    1S1 7H1             (3)5(16.0)   186374.5 
    47     1    1S1 7H1             (1)5( 5.0)   186374.5 
    48     1    1S1 7I1             (3)6(19.0)   186375.0 
    49     1    1S1 7I1             (1)6( 6.0)   186375.0 
    50     1    1S1 7D1             (3)2( 7.0)   186375.3 
    51     1    1S1 7F1             (3)3(10.0)   186375.7 
    52     1    1S1 7F1             (1)3( 3.0)   186375.8 
    53     1    1S1 7D1             (1)2( 2.0)   186376.0 
    54     1    1S1 7S1             (1)0( 0.0)   186385.7 
    55     1    1S1 7P1             (1)1( 1.0)   186393.5 
    56     1    1S1 8S1             (3)0( 1.0)   186727.8 
    57     1    1S1 8P1             (3)1( 4.0)   186879.0 
    58     1    1S1 8G1             (3)4(13.0)   186899.0 
    59     1    1S1 8G1             (1)4( 4.0)   186899.0 
    60     1    1S1 8H1             (3)5(16.0)   186899.8 
    61     1    1S1 8H1             (1)5( 5.0)   186899.8 
    62     1    1S1 8I1             (3)6(19.0)   186900.2 
    63     1    1S1 8I1             (1)6( 6.0)   186900.2 
    64     1    1S1 8D1             (3)2( 7.0)   186900.3 
    65     1    1S1 8J1             (3)7(22.0)   186900.3 
    66     1    1S1 8J1             (1)7( 7.0)   186900.3 
    67     1    1S1 8F1             (3)3(10.0)   186900.6 
    68     1    1S1 8F1             (1)3( 3.0)   186900.6 
    69     1    1S1 8D1             (1)2( 2.0)   186900.8 
    70     1    1S1 8S1             (1)0( 0.0)   186906.7 
    71     1    1S1 8P1             (1)1( 1.0)   186912.6 

   N-SHELL INDEXING                                     NREP= 42
   ----------------
   IREP    N
   -----   -
     1     1
     2     2
     3     3
     4     4
     5     5
     6     6
     7     7
     8     8
     9     9
    10    10
    11    11
    12    12
    13    13
    14    14
    15    15
    16    16
    17    18
    18    20
    19    22
    20    25
    21    29
    22    35
    23    39
    24    45
    25    49
    26    55
    27    61
    28    70
    29    81
    30   100
    31   115
    32   140
    33   162
    34   200
    35   235
    36   300
    37   353
    38   450
    39   535
    40   700
    41   811
    42   999



 --------------------------------
 PRTI= 1  TRMPRT= (2S)  SPNPRT= 2

   INDX TE=  1.00E+01  2.00E+01  5.00E+01  1.00E+02  2.00E+02  5.00E+02  1.00E+03  2.00E+03  5.00E+03  1.00E+04
   ---- ---  2.00E+04  5.00E+04  1.00E+05  2.00E+05  5.00E+05  1.00E+06  2.00E+06  5.00E+06  1.00E+07
     1       4.84E-12  3.42E-12  2.16E-12  1.53E-12  1.08E-12  6.85E-13  4.85E-13  3.44E-13  2.19E-13  1.56E-13
             1.12E-13  7.34E-14  5.34E-14  3.81E-14  2.28E-14  1.42E-14  8.06E-15  3.31E-15  1.52E-15
     2       9.02E-13  6.38E-13  4.03E-13  2.85E-13  2.02E-13  1.28E-13  9.02E-14  6.39E-14  4.04E-14  2.85E-14
             2.00E-14  1.22E-14  8.06E-15  5.12E-15  2.59E-15  1.44E-15  7.56E-16  2.91E-16  1.32E-16
     3       1.89E-12  1.34E-12  8.45E-13  5.96E-13  4.21E-13  2.64E-13  1.84E-13  1.27E-13  7.53E-14  4.85E-14
             2.95E-14  1.37E-14  7.02E-15  3.32E-15  1.11E-15  4.57E-16  1.79E-16  4.96E-17  1.83E-17
     4       5.13E-13  3.63E-13  2.29E-13  1.62E-13  1.14E-13  7.18E-14  5.03E-14  3.48E-14  2.08E-14  1.36E-14
             8.40E-15  4.00E-15  2.08E-15  9.98E-16  3.40E-16  1.40E-16  5.55E-17  1.54E-17  5.70E-18
     5       6.76E-14  4.78E-14  3.03E-14  2.14E-14  1.52E-14  9.70E-15  6.97E-15  5.07E-15  3.47E-15  2.72E-15
             2.23E-15  1.75E-15  1.40E-15  1.05E-15  6.24E-16  3.79E-16  2.10E-16  8.53E-17  3.95E-17
     6       1.85E-13  1.31E-13  8.26E-14  5.84E-14  4.13E-14  2.62E-14  1.86E-14  1.32E-14  8.47E-15  6.07E-15
             4.34E-15  2.74E-15  1.87E-15  1.22E-15  6.37E-16  3.61E-16  1.92E-16  7.48E-17  3.40E-17
     7       6.97E-13  4.93E-13  3.11E-13  2.20E-13  1.55E-13  9.73E-14  6.80E-14  4.69E-14  2.78E-14  1.79E-14
             1.09E-14  5.04E-15  2.57E-15  1.21E-15  4.05E-16  1.66E-16  6.49E-17  1.79E-17  6.59E-18
     8       6.94E-13  4.90E-13  3.09E-13  2.18E-13  1.53E-13  9.45E-14  6.45E-14  4.27E-14  2.29E-14  1.32E-14
             6.92E-15  2.56E-15  1.10E-15  4.40E-16  1.23E-16  4.50E-17  1.63E-17  4.17E-18  1.48E-18
     9       2.31E-13  1.63E-13  1.03E-13  7.25E-14  5.09E-14  3.15E-14  2.15E-14  1.42E-14  7.64E-15  4.39E-15
             2.30E-15  8.54E-16  3.66E-16  1.47E-16  4.08E-17  1.50E-17  5.42E-18  1.39E-18  4.94E-19
    10       2.00E-13  1.42E-13  8.94E-14  6.32E-14  4.46E-14  2.80E-14  1.97E-14  1.36E-14  8.19E-15  5.34E-15
             3.29E-15  1.56E-15  8.03E-16  3.83E-16  1.29E-16  5.30E-17  2.08E-17  5.77E-18  2.12E-18
    11       2.57E-14  1.82E-14  1.15E-14  8.15E-15  5.79E-15  3.72E-15  2.69E-15  1.98E-15  1.38E-15  1.09E-15
             8.78E-16  6.46E-16  4.86E-16  3.42E-16  1.90E-16  1.11E-16  6.03E-17  2.39E-17  1.10E-17
    12       6.80E-14  4.81E-14  3.04E-14  2.15E-14  1.52E-14  9.67E-15  6.88E-15  4.91E-15  3.17E-15  2.29E-15
             1.65E-15  1.06E-15  7.29E-16  4.79E-16  2.51E-16  1.43E-16  7.60E-17  2.96E-17  1.34E-17
    13       3.28E-13  2.32E-13  1.47E-13  1.04E-13  7.30E-14  4.58E-14  3.19E-14  2.20E-14  1.30E-14  8.33E-15
             5.04E-15  2.32E-15  1.18E-15  5.53E-16  1.84E-16  7.51E-17  2.94E-17  8.10E-18  2.98E-18
    14       4.34E-13  3.07E-13  1.94E-13  1.36E-13  9.57E-14  5.92E-14  4.04E-14  2.68E-14  1.44E-14  8.25E-15
             4.33E-15  1.60E-15  6.83E-16  2.74E-16  7.61E-17  2.79E-17  1.01E-17  2.59E-18  9.19E-19
    15       3.23E-13  2.28E-13  1.43E-13  1.00E-13  6.99E-14  4.21E-14  2.77E-14  1.73E-14  8.22E-15  4.20E-15
             1.95E-15  6.20E-16  2.42E-16  9.07E-17  2.38E-17  8.55E-18  3.04E-18  7.73E-19  2.74E-19
    16       1.08E-13  7.59E-14  4.78E-14  3.35E-14  2.33E-14  1.40E-14  9.23E-15  5.76E-15  2.74E-15  1.40E-15
             6.50E-16  2.07E-16  8.07E-17  3.02E-17  7.95E-18  2.85E-18  1.01E-18  2.58E-19  9.13E-20
    17       1.45E-13  1.02E-13  6.45E-14  4.54E-14  3.19E-14  1.97E-14  1.35E-14  8.91E-15  4.79E-15  2.75E-15
             1.44E-15  5.32E-16  2.28E-16  9.11E-17  2.53E-17  9.30E-18  3.36E-18  8.62E-19  3.06E-19
    18       1.21E-14  8.56E-15  5.43E-15  3.85E-15  2.74E-15  1.77E-15  1.29E-15  9.55E-16  6.71E-16  5.27E-16
             4.15E-16  2.94E-16  2.14E-16  1.47E-16  7.96E-17  4.60E-17  2.47E-17  9.69E-18  4.41E-18
    19       9.76E-14  6.90E-14  4.36E-14  3.08E-14  2.17E-14  1.37E-14  9.58E-15  6.65E-15  3.98E-15  2.58E-15
             1.58E-15  7.38E-16  3.78E-16  1.79E-16  5.97E-17  2.44E-17  9.58E-18  2.65E-18  9.74E-19
    20       3.29E-14  2.32E-14  1.47E-14  1.04E-14  7.36E-15  4.68E-15  3.33E-15  2.38E-15  1.55E-15  1.12E-15
             8.12E-16  5.21E-16  3.60E-16  2.37E-16  1.25E-16  7.11E-17  3.79E-17  1.48E-17  6.73E-18
    21       1.82E-13  1.29E-13  8.14E-14  5.75E-14  4.05E-14  2.54E-14  1.77E-14  1.21E-14  7.12E-15  4.54E-15
             2.73E-15  1.25E-15  6.31E-16  2.95E-16  9.80E-17  3.99E-17  1.56E-17  4.30E-18  1.58E-18
    22       1.56E-13  1.10E-13  6.88E-14  4.79E-14  3.28E-14  1.91E-14  1.20E-14  6.95E-15  2.93E-15  1.35E-15
             5.73E-16  1.66E-16  6.20E-17  2.26E-17  5.81E-18  2.07E-18  7.33E-19  1.86E-19  6.57E-20
    23       5.20E-14  3.66E-14  2.29E-14  1.60E-14  1.09E-14  6.37E-15  3.99E-15  2.32E-15  9.75E-16  4.51E-16
             1.91E-16  5.54E-17  2.07E-17  7.52E-18  1.94E-18  6.89E-19  2.44E-19  6.19E-20  2.19E-20
    24       2.66E-13  1.88E-13  1.19E-13  8.36E-14  5.87E-14  3.63E-14  2.47E-14  1.64E-14  8.77E-15  5.02E-15
             2.62E-15  9.66E-16  4.12E-16  1.65E-16  4.57E-17  1.68E-17  6.06E-18  1.55E-18  5.52E-19
    25       2.84E-13  2.00E-13  1.26E-13  8.84E-14  6.15E-14  3.71E-14  2.44E-14  1.52E-14  7.23E-15  3.69E-15
             1.71E-15  5.44E-16  2.12E-16  7.95E-17  2.09E-17  7.49E-18  2.67E-18  6.78E-19  2.40E-19
    26       9.47E-14  6.68E-14  4.20E-14  2.95E-14  2.05E-14  1.24E-14  8.13E-15  5.07E-15  2.41E-15  1.23E-15
             5.70E-16  1.81E-16  7.08E-17  2.65E-17  6.97E-18  2.50E-18  8.89E-19  2.26E-19  8.00E-20
    27       8.87E-14  6.26E-14  3.95E-14  2.78E-14  1.95E-14  1.21E-14  8.24E-15  5.45E-15  2.92E-15  1.67E-15
             8.74E-16  3.22E-16  1.37E-16  5.49E-17  1.52E-17  5.59E-18  2.02E-18  5.18E-19  1.84E-19
    28       6.71E-15  4.74E-15  3.01E-15  2.14E-15  1.52E-15  9.85E-16  7.20E-16  5.37E-16  3.76E-16  2.92E-16
             2.26E-16  1.56E-16  1.11E-16  7.52E-17  4.04E-17  2.32E-17  1.24E-17  4.89E-18  2.23E-18
    29       5.54E-14  3.92E-14  2.48E-14  1.75E-14  1.23E-14  7.76E-15  5.43E-15  3.76E-15  2.23E-15  1.44E-15
             8.73E-16  4.04E-16  2.05E-16  9.65E-17  3.21E-17  1.31E-17  5.14E-18  1.42E-18  5.21E-19
    30       1.86E-14  1.31E-14  8.31E-15  5.88E-15  4.17E-15  2.65E-15  1.89E-15  1.35E-15  8.77E-16  6.36E-16
             4.61E-16  2.96E-16  2.04E-16  1.34E-16  7.06E-17  4.03E-17  2.15E-17  8.40E-18  3.82E-18
    31       1.13E-13  7.99E-14  5.04E-14  3.56E-14  2.51E-14  1.57E-14  1.09E-14  7.45E-15  4.34E-15  2.75E-15
             1.64E-15  7.45E-16  3.75E-16  1.75E-16  5.79E-17  2.36E-17  9.20E-18  2.53E-18  9.31E-19
    32       1.78E-13  1.25E-13  7.83E-14  5.45E-14  3.74E-14  2.18E-14  1.36E-14  7.92E-15  3.33E-15  1.54E-15
             6.52E-16  1.89E-16  7.05E-17  2.56E-17  6.61E-18  2.35E-18  8.34E-19  2.11E-19  7.47E-20
    33       5.92E-14  4.17E-14  2.61E-14  1.82E-14  1.25E-14  7.25E-15  4.54E-15  2.64E-15  1.11E-15  5.14E-16
             2.17E-16  6.30E-17  2.35E-17  8.55E-18  2.20E-18  7.83E-19  2.78E-19  7.04E-20  2.49E-20
    34       7.68E-14  5.40E-14  3.36E-14  2.32E-14  1.56E-14  8.66E-15  5.13E-15  2.76E-15  1.04E-15  4.47E-16
             1.78E-16  4.90E-17  1.78E-17  6.41E-18  1.64E-18  5.81E-19  2.06E-19  5.21E-20  1.84E-20
    35       2.56E-14  1.80E-14  1.12E-14  7.72E-15  5.20E-15  2.89E-15  1.71E-15  9.22E-16  3.48E-16  1.49E-16
             5.93E-17  1.63E-17  5.95E-18  2.14E-18  5.46E-19  1.94E-19  6.86E-20  1.74E-20  6.14E-21
    36       1.72E-13  1.22E-13  7.68E-14  5.41E-14  3.79E-14  2.34E-14  1.60E-14  1.05E-14  5.62E-15  3.20E-15
             1.67E-15  6.12E-16  2.60E-16  1.04E-16  2.89E-17  1.06E-17  3.82E-18  9.80E-19  3.48E-19
    37       2.12E-13  1.49E-13  9.40E-14  6.59E-14  4.58E-14  2.76E-14  1.82E-14  1.13E-14  5.38E-15  2.74E-15
             1.27E-15  4.02E-16  1.57E-16  5.87E-17  1.54E-17  5.53E-18  1.97E-18  5.00E-19  1.77E-19
    38       7.06E-14  4.98E-14  3.13E-14  2.20E-14  1.53E-14  9.21E-15  6.06E-15  3.77E-15  1.79E-15  9.14E-16
             4.23E-16  1.34E-16  5.23E-17  1.96E-17  5.14E-18  1.84E-18  6.56E-19  1.67E-19  5.90E-20
    39       5.74E-14  4.05E-14  2.56E-14  1.80E-14  1.26E-14  7.80E-15  5.32E-15  3.51E-15  1.87E-15  1.07E-15
             5.56E-16  2.04E-16  8.68E-17  3.47E-17  9.62E-18  3.53E-18  1.27E-18  3.27E-19  1.16E-19
    40       4.14E-15  2.93E-15  1.86E-15  1.32E-15  9.42E-16  6.11E-16  4.48E-16  3.34E-16  2.32E-16  1.78E-16
             1.36E-16  9.17E-17  6.49E-17  4.35E-17  2.31E-17  1.33E-17  7.09E-18  2.78E-18  1.27E-18
    41       3.49E-14  2.46E-14  1.56E-14  1.10E-14  7.76E-15  4.87E-15  3.40E-15  2.34E-15  1.38E-15  8.81E-16
             5.31E-16  2.43E-16  1.23E-16  5.76E-17  1.91E-17  7.78E-18  3.04E-18  8.37E-19  3.08E-19
    42       1.16E-14  8.22E-15  5.20E-15  3.68E-15  2.61E-15  1.66E-15  1.18E-15  8.46E-16  5.48E-16  3.97E-16
             2.87E-16  1.84E-16  1.27E-16  8.37E-17  4.40E-17  2.51E-17  1.34E-17  5.24E-18  2.38E-18
    43       7.56E-14  5.34E-14  3.37E-14  2.38E-14  1.67E-14  1.04E-14  7.23E-15  4.92E-15  2.84E-15  1.79E-15
             1.06E-15  4.80E-16  2.41E-16  1.12E-16  3.72E-17  1.52E-17  5.93E-18  1.64E-18  6.02E-19
    44       1.56E-13  1.10E-13  6.89E-14  4.80E-14  3.29E-14  1.91E-14  1.20E-14  6.96E-15  2.92E-15  1.35E-15
             5.71E-16  1.66E-16  6.17E-17  2.25E-17  5.78E-18  2.06E-18  7.30E-19  1.85E-19  6.54E-20
    45       5.20E-14  3.67E-14  2.30E-14  1.60E-14  1.10E-14  6.38E-15  3.99E-15  2.32E-15  9.75E-16  4.50E-16
             1.90E-16  5.52E-17  2.06E-17  7.48E-18  1.93E-18  6.86E-19  2.43E-19  6.17E-20  2.18E-20
    46       1.08E-13  7.56E-14  4.71E-14  3.25E-14  2.19E-14  1.21E-14  7.19E-15  3.88E-15  1.46E-15  6.26E-16
             2.49E-16  6.85E-17  2.50E-17  8.98E-18  2.29E-18  8.13E-19  2.88E-19  7.29E-20  2.58E-20
    47       3.59E-14  2.52E-14  1.57E-14  1.08E-14  7.29E-15  4.05E-15  2.40E-15  1.29E-15  4.87E-16  2.09E-16
             8.31E-17  2.28E-17  8.33E-18  2.99E-18  7.64E-19  2.71E-19  9.60E-20  2.43E-20  8.60E-21
    48       3.83E-14  2.69E-14  1.66E-14  1.13E-14  7.42E-15  3.91E-15  2.18E-15  1.10E-15  3.77E-16  1.53E-16
             5.86E-17  1.56E-17  5.63E-18  2.01E-18  5.11E-19  1.81E-19  6.41E-20  1.62E-20  5.74E-21
    49       1.28E-14  8.96E-15  5.53E-15  3.76E-15  2.47E-15  1.30E-15  7.26E-16  3.65E-16  1.26E-16  5.10E-17
             1.95E-17  5.21E-18  1.88E-18  6.70E-19  1.70E-19  6.04E-20  2.14E-20  5.41E-21  1.91E-21
    50       1.18E-13  8.31E-14  5.24E-14  3.69E-14  2.59E-14  1.60E-14  1.09E-14  7.15E-15  3.79E-15  2.15E-15
             1.12E-15  4.09E-16  1.74E-16  6.93E-17  1.92E-17  7.04E-18  2.54E-18  6.51E-19  2.31E-19
    51       1.55E-13  1.09E-13  6.89E-14  4.83E-14  3.36E-14  2.02E-14  1.33E-14  8.26E-15  3.91E-15  1.99E-15
             9.20E-16  2.92E-16  1.14E-16  4.25E-17  1.12E-17  4.00E-18  1.43E-18  3.62E-19  1.28E-19
    52       5.17E-14  3.65E-14  2.30E-14  1.61E-14  1.12E-14  6.74E-15  4.43E-15  2.75E-15  1.30E-15  6.64E-16
             3.07E-16  9.72E-17  3.79E-17  1.42E-17  3.72E-18  1.33E-18  4.75E-19  1.21E-19  4.27E-20
    53       3.92E-14  2.77E-14  1.75E-14  1.23E-14  8.62E-15  5.32E-15  3.62E-15  2.38E-15  1.26E-15  7.17E-16
             3.72E-16  1.36E-16  5.79E-17  2.31E-17  6.40E-18  2.35E-18  8.46E-19  2.17E-19  7.71E-20
    54       2.75E-15  1.95E-15  1.24E-15  8.79E-16  6.28E-16  4.08E-16  2.99E-16  2.23E-16  1.54E-16  1.17E-16
             8.78E-17  5.84E-17  4.10E-17  2.73E-17  1.45E-17  8.31E-18  4.44E-18  1.74E-18  7.91E-19
    55       2.36E-14  1.67E-14  1.05E-14  7.43E-15  5.24E-15  3.28E-15  2.28E-15  1.57E-15  9.14E-16  5.79E-16
             3.47E-16  1.58E-16  7.94E-17  3.71E-17  1.23E-17  5.02E-18  1.96E-18  5.43E-19  2.00E-19
    56       7.82E-15  5.53E-15  3.50E-15  2.48E-15  1.76E-15  1.12E-15  7.94E-16  5.68E-16  3.67E-16  2.65E-16
             1.92E-16  1.22E-16  8.44E-17  5.55E-17  2.91E-17  1.65E-17  8.81E-18  3.45E-18  1.56E-18
    57       5.35E-14  3.78E-14  2.38E-14  1.68E-14  1.18E-14  7.34E-15  5.06E-15  3.43E-15  1.97E-15  1.23E-15
             7.28E-16  3.27E-16  1.64E-16  7.61E-17  2.50E-17  1.02E-17  3.97E-18  1.09E-18  4.02E-19
    58       1.28E-13  9.02E-14  5.65E-14  3.93E-14  2.70E-14  1.57E-14  9.81E-15  5.69E-15  2.39E-15  1.10E-15
             4.66E-16  1.35E-16  5.03E-17  1.83E-17  4.71E-18  1.68E-18  5.95E-19  1.51E-19  5.33E-20
    59       4.27E-14  3.01E-14  1.88E-14  1.31E-14  8.99E-15  5.23E-15  3.27E-15  1.90E-15  7.96E-16  3.68E-16
             1.55E-16  4.50E-17  1.68E-17  6.10E-18  1.57E-18  5.59E-19  1.98E-19  5.02E-20  1.78E-20
    60       1.09E-13  7.67E-14  4.78E-14  3.29E-14  2.22E-14  1.23E-14  7.28E-15  3.93E-15  1.48E-15  6.34E-16
             2.52E-16  6.94E-17  2.53E-17  9.08E-18  2.32E-18  8.23E-19  2.92E-19  7.38E-20  2.61E-20
    61       3.64E-14  2.56E-14  1.59E-14  1.10E-14  7.39E-15  4.10E-15  2.43E-15  1.31E-15  4.94E-16  2.11E-16
             8.41E-17  2.31E-17  8.43E-18  3.03E-18  7.74E-19  2.74E-19  9.72E-20  2.46E-20  8.70E-21
    62       6.39E-14  4.48E-14  2.76E-14  1.88E-14  1.24E-14  6.51E-15  3.63E-15  1.82E-15  6.28E-16  2.55E-16
             9.75E-17  2.60E-17  9.37E-18  3.34E-18  8.51E-19  3.01E-19  1.07E-19  2.70E-20  9.55E-21
    63       2.13E-14  1.49E-14  9.22E-15  6.27E-15  4.12E-15  2.17E-15  1.21E-15  6.08E-16  2.09E-16  8.49E-17
             3.25E-17  8.67E-18  3.12E-18  1.11E-18  2.84E-19  1.00E-19  3.56E-20  9.00E-21  3.18E-21
    64       8.42E-14  5.94E-14  3.75E-14  2.64E-14  1.85E-14  1.14E-14  7.71E-15  5.06E-15  2.67E-15  1.51E-15
             7.82E-16  2.85E-16  1.21E-16  4.81E-17  1.33E-17  4.89E-18  1.76E-18  4.52E-19  1.61E-19
    65       1.93E-14  1.35E-14  8.25E-15  5.52E-15  3.53E-15  1.75E-15  9.20E-16  4.34E-16  1.39E-16  5.43E-17
             2.03E-17  5.31E-18  1.90E-18  6.77E-19  1.72E-19  6.08E-20  2.15E-20  5.45E-21  1.93E-21
    66       6.45E-15  4.50E-15  2.75E-15  1.84E-15  1.18E-15  5.84E-16  3.07E-16  1.45E-16  4.64E-17  1.81E-17
             6.76E-18  1.77E-18  6.34E-19  2.26E-19  5.73E-20  2.03E-20  7.17E-21  1.82E-21  6.42E-22
    67       1.15E-13  8.14E-14  5.12E-14  3.59E-14  2.49E-14  1.50E-14  9.83E-15  6.10E-15  2.88E-15  1.47E-15
             6.76E-16  2.14E-16  8.33E-17  3.12E-17  8.18E-18  2.93E-18  1.04E-18  2.65E-19  9.39E-20
    68       3.84E-14  2.71E-14  1.71E-14  1.20E-14  8.31E-15  5.00E-15  3.28E-15  2.03E-15  9.61E-16  4.88E-16
             2.25E-16  7.13E-17  2.78E-17  1.04E-17  2.73E-18  9.78E-19  3.48E-19  8.84E-20  3.13E-20
    69       2.80E-14  1.98E-14  1.25E-14  8.79E-15  6.16E-15  3.79E-15  2.57E-15  1.69E-15  8.90E-16  5.03E-16
             2.61E-16  9.49E-17  4.03E-17  1.60E-17  4.44E-18  1.63E-18  5.88E-19  1.51E-19  5.35E-20
    70       1.94E-15  1.37E-15  8.71E-16  6.19E-16  4.43E-16  2.88E-16  2.11E-16  1.56E-16  1.07E-16  8.02E-17
             5.98E-17  3.93E-17  2.75E-17  1.82E-17  9.61E-18  5.48E-18  2.93E-18  1.15E-18  5.20E-19
    71       1.68E-14  1.19E-14  7.50E-15  5.30E-15  3.73E-15  2.33E-15  1.61E-15  1.10E-15  6.37E-16  4.01E-16
             2.39E-16  1.08E-16  5.41E-17  2.52E-17  8.29E-18  3.37E-18  1.32E-18  3.63E-19  1.33E-19


 -----------------------------------------
 PRTF= 1  TRMPRT= (2S)  SPNPRT= 2  NSYS= 2
                                                                                              -----------------
                                                                                              SYS= 1  SPNSYS= 1
   IREP
   ----
     1       4.84E-12  3.42E-12  2.16E-12  1.53E-12  1.08E-12  6.85E-13  4.85E-13  3.44E-13  2.19E-13  1.56E-13
             1.12E-13  7.34E-14  5.34E-14  3.81E-14  2.28E-14  1.42E-14  8.06E-15  3.31E-15  1.52E-15
     2       5.81E-13  4.11E-13  2.60E-13  1.83E-13  1.29E-13  8.15E-14  5.72E-14  3.99E-14  2.43E-14  1.63E-14
             1.06E-14  5.73E-15  3.47E-15  2.03E-15  9.57E-16  5.15E-16  2.64E-16  1.00E-16  4.50E-17
     3       4.57E-13  3.23E-13  2.04E-13  1.44E-13  1.01E-13  6.32E-14  4.38E-14  2.99E-14  1.72E-14  1.08E-14
             6.47E-15  3.05E-15  1.65E-15  8.65E-16  3.57E-16  1.78E-16  8.58E-17  3.09E-17  1.35E-17
     4       3.62E-13  2.56E-13  1.61E-13  1.14E-13  7.96E-14  4.92E-14  3.36E-14  2.23E-14  1.22E-14  7.26E-15
             4.08E-15  1.77E-15  8.96E-16  4.43E-16  1.71E-16  8.18E-17  3.83E-17  1.34E-17  5.75E-18
     5       2.98E-13  2.10E-13  1.32E-13  9.29E-14  6.48E-14  3.96E-14  2.65E-14  1.71E-14  8.92E-15  5.08E-15
             2.73E-15  1.11E-15  5.42E-16  2.59E-16  9.58E-17  4.47E-17  2.05E-17  7.06E-18  3.01E-18
     6       2.52E-13  1.78E-13  1.12E-13  7.82E-14  5.43E-14  3.26E-14  2.15E-14  1.35E-14  6.74E-15  3.70E-15
             1.92E-15  7.50E-16  3.54E-16  1.65E-16  5.91E-17  2.71E-17  1.23E-17  4.17E-18  1.77E-18
     7       2.18E-13  1.54E-13  9.64E-14  6.73E-14  4.64E-14  2.75E-14  1.78E-14  1.09E-14  5.23E-15  2.79E-15
             1.41E-15  5.31E-16  2.45E-16  1.12E-16  3.94E-17  1.78E-17  8.01E-18  2.69E-18  1.13E-18
     8       1.92E-13  1.35E-13  8.46E-14  5.88E-14  4.03E-14  2.35E-14  1.49E-14  8.94E-15  4.14E-15  2.15E-15
             1.06E-15  3.90E-16  1.77E-16  7.96E-17  2.75E-17  1.23E-17  5.46E-18  1.82E-18  7.64E-19
     9       1.71E-13  1.21E-13  7.53E-14  5.21E-14  3.55E-14  2.03E-14  1.27E-14  7.44E-15  3.35E-15  1.70E-15
             8.23E-16  2.96E-16  1.33E-16  5.90E-17  2.02E-17  8.97E-18  3.96E-18  1.31E-18  5.49E-19
    10       1.55E-13  1.09E-13  6.77E-14  4.67E-14  3.15E-14  1.78E-14  1.09E-14  6.27E-15  2.74E-15  1.37E-15
             6.52E-16  2.30E-16  1.02E-16  4.48E-17  1.51E-17  6.68E-18  2.95E-18  9.77E-19  4.07E-19
    11       1.41E-13  9.91E-14  6.15E-14  4.22E-14  2.82E-14  1.57E-14  9.43E-15  5.34E-15  2.28E-15  1.12E-15
             5.26E-16  1.83E-16  8.05E-17  3.50E-17  1.17E-17  5.12E-18  2.24E-18  7.30E-19  3.03E-19
    12       1.30E-13  9.09E-14  5.62E-14  3.83E-14  2.55E-14  1.39E-14  8.24E-15  4.59E-15  1.92E-15  9.31E-16
             4.31E-16  1.48E-16  6.46E-17  2.79E-17  9.21E-18  4.01E-18  1.75E-18  5.71E-19  2.38E-19
    13       1.20E-13  8.39E-14  5.16E-14  3.51E-14  2.31E-14  1.24E-14  7.25E-15  3.97E-15  1.63E-15  7.81E-16
             3.58E-16  1.22E-16  5.27E-17  2.27E-17  7.49E-18  3.27E-18  1.43E-18  4.66E-19  1.94E-19
    14       1.11E-13  7.78E-14  4.77E-14  3.22E-14  2.10E-14  1.11E-14  6.42E-15  3.47E-15  1.40E-15  6.63E-16
             3.01E-16  1.01E-16  4.37E-17  1.87E-17  6.11E-18  2.65E-18  1.15E-18  3.73E-19  1.55E-19
    15       1.04E-13  7.28E-14  4.45E-14  2.98E-14  1.93E-14  1.01E-14  5.72E-15  3.05E-15  1.21E-15  5.69E-16
             2.56E-16  8.54E-17  3.65E-17  1.55E-17  5.04E-18  2.17E-18  9.31E-19  2.99E-19  1.24E-19
    16       9.78E-14  6.82E-14  4.15E-14  2.77E-14  1.78E-14  9.12E-15  5.12E-15  2.70E-15  1.06E-15  4.90E-16
             2.19E-16  7.25E-17  3.09E-17  1.31E-17  4.22E-18  1.81E-18  7.75E-19  2.48E-19  1.02E-19
    17       8.68E-14  6.03E-14  3.63E-14  2.39E-14  1.51E-14  7.55E-15  4.14E-15  2.13E-15  8.15E-16  3.73E-16
             1.65E-16  5.37E-17  2.27E-17  9.53E-18  3.05E-18  1.30E-18  5.55E-19  1.77E-19  7.20E-20
    18       7.80E-14  5.40E-14  3.22E-14  2.10E-14  1.30E-14  6.35E-15  3.42E-15  1.73E-15  6.46E-16  2.92E-16
             1.27E-16  4.11E-17  1.72E-17  7.20E-18  2.29E-18  9.70E-19  4.12E-19  1.31E-19  5.29E-20
    19       7.08E-14  4.88E-14  2.88E-14  1.85E-14  1.13E-14  5.39E-15  2.85E-15  1.42E-15  5.21E-16  2.33E-16
             1.01E-16  3.22E-17  1.34E-17  5.58E-18  1.76E-18  7.44E-19  3.15E-19  9.95E-20  4.07E-20
    20       6.19E-14  4.24E-14  2.47E-14  1.56E-14  9.34E-15  4.30E-15  2.22E-15  1.08E-15  3.89E-16  1.71E-16
             7.33E-17  2.32E-17  9.58E-18  3.95E-18  1.24E-18  5.20E-19  2.19E-19  6.89E-20  2.81E-20
    21       5.28E-14  3.58E-14  2.04E-14  1.26E-14  7.37E-15  3.27E-15  1.64E-15  7.84E-16  2.75E-16  1.19E-16
             5.05E-17  1.57E-17  6.46E-18  2.65E-18  8.23E-19  3.43E-19  1.44E-19  4.50E-20  1.83E-20
    22       4.30E-14  2.87E-14  1.59E-14  9.51E-15  5.35E-15  2.27E-15  1.11E-15  5.14E-16  1.75E-16  7.48E-17
             3.12E-17  9.61E-18  3.90E-18  1.59E-18  4.88E-19  2.02E-19  8.43E-20  2.62E-20  1.06E-20
    23       3.80E-14  2.51E-14  1.36E-14  8.00E-15  4.41E-15  1.82E-15  8.75E-16  4.01E-16  1.35E-16  5.70E-17
             2.36E-17  7.21E-18  2.92E-18  1.18E-18  3.62E-19  1.49E-19  6.20E-20  1.92E-20  7.75E-21
    24       3.22E-14  2.10E-14  1.10E-14  6.31E-15  3.39E-15  1.36E-15  6.37E-16  2.87E-16  9.46E-17  3.97E-17
             1.63E-17  4.93E-18  1.98E-18  7.98E-19  2.43E-19  9.98E-20  4.12E-20  1.27E-20  5.12E-21
    25       2.91E-14  1.88E-14  9.67E-15  5.45E-15  2.88E-15  1.13E-15  5.26E-16  2.34E-16  7.65E-17  3.19E-17
             1.30E-17  3.93E-18  1.57E-18  6.32E-19  1.91E-19  7.85E-20  3.24E-20  9.95E-21  3.99E-21
    26       2.53E-14  1.60E-14  8.05E-15  4.44E-15  2.30E-15  8.80E-16  4.03E-16  1.77E-16  5.72E-17  2.37E-17
             9.62E-18  2.88E-18  1.15E-18  4.60E-19  1.39E-19  5.66E-20  2.33E-20  7.13E-21  2.85E-21
    27       2.22E-14  1.38E-14  6.78E-15  3.67E-15  1.86E-15  7.00E-16  3.16E-16  1.38E-16  4.40E-17  1.81E-17
             7.32E-18  2.18E-18  8.66E-19  3.45E-19  1.04E-19  4.23E-20  1.73E-20  5.28E-21  2.10E-21
    28       1.85E-14  1.13E-14  5.36E-15  2.83E-15  1.40E-15  5.13E-16  2.28E-16  9.82E-17  3.10E-17  1.26E-17
             5.08E-18  1.50E-18  5.94E-19  2.36E-19  7.05E-20  2.86E-20  1.17E-20  3.54E-21  1.40E-21
    29       1.52E-14  9.03E-15  4.12E-15  2.12E-15  1.03E-15  3.66E-16  1.60E-16  6.82E-17  2.12E-17  8.60E-18
             3.44E-18  1.01E-18  3.98E-19  1.57E-19  4.68E-20  1.89E-20  7.71E-21  2.34E-21  9.34E-22
    30       1.12E-14  6.39E-15  2.77E-15  1.37E-15  6.45E-16  2.22E-16  9.56E-17  4.00E-17  1.23E-17  4.92E-18
             1.95E-18  5.67E-19  2.22E-19  8.75E-20  2.58E-20  1.04E-20  4.22E-21  1.27E-21  5.06E-22
    31       8.98E-15  5.01E-15  2.10E-15  1.02E-15  4.69E-16  1.59E-16  6.74E-17  2.79E-17  8.48E-18  3.38E-18
             1.33E-18  3.87E-19  1.51E-19  5.92E-20  1.74E-20  6.99E-21  2.83E-21  8.49E-22  3.36E-22
    32       6.50E-15  3.50E-15  1.40E-15  6.59E-16  2.97E-16  9.78E-17  4.10E-17  1.68E-17  5.03E-18  1.99E-18
             7.82E-19  2.25E-19  8.74E-20  3.41E-20  9.99E-21  3.99E-21  1.61E-21  4.79E-22  1.88E-22
    33       5.05E-15  2.64E-15  1.03E-15  4.73E-16  2.09E-16  6.79E-17  2.82E-17  1.15E-17  3.41E-18  1.34E-18
             5.24E-19  1.50E-19  5.82E-20  2.27E-20  6.61E-21  2.63E-21  1.06E-21  3.13E-22  1.22E-22
    34       3.43E-15  1.73E-15  6.44E-16  2.89E-16  1.25E-16  3.98E-17  1.63E-17  6.56E-18  1.93E-18  7.57E-19
             2.94E-19  8.37E-20  3.23E-20  1.25E-20  3.63E-21  1.44E-21  5.77E-22  1.72E-22  6.76E-23
    35       2.51E-15  1.23E-15  4.46E-16  1.97E-16  8.41E-17  2.63E-17  1.07E-17  4.27E-18  1.25E-18  4.87E-19
             1.88E-19  5.34E-20  2.06E-20  7.95E-21  2.30E-21  9.09E-22  3.63E-22  1.08E-22  4.22E-23
    36       1.53E-15  7.23E-16  2.51E-16  1.08E-16  4.55E-17  1.40E-17  5.60E-18  2.22E-18  6.42E-19  2.49E-19
             9.58E-20  2.70E-20  1.04E-20  3.99E-21  1.15E-21  4.52E-22  1.80E-22  5.28E-23  2.05E-23
    37       1.08E-15  5.01E-16  1.70E-16  7.22E-17  3.00E-17  9.10E-18  3.63E-18  1.43E-18  4.11E-19  1.59E-19
             6.10E-20  1.71E-20  6.55E-21  2.52E-21  7.20E-22  2.83E-22  1.12E-22  3.28E-23  1.27E-23
    38       6.33E-16  2.84E-16  9.35E-17  3.91E-17  1.60E-17  4.78E-18  1.89E-18  7.38E-19  2.11E-19  8.10E-20
             3.10E-20  8.65E-21  3.30E-21  1.26E-21  3.60E-22  1.41E-22  5.58E-23  1.64E-23  6.38E-24
    39       4.26E-16  1.88E-16  6.05E-17  2.50E-17  1.01E-17  3.01E-18  1.18E-18  4.60E-19  1.31E-19  5.00E-20
             1.91E-20  5.31E-21  2.02E-21  7.72E-22  2.19E-22  8.58E-23  3.38E-23  9.87E-24  3.83E-24
    40       2.24E-16  9.65E-17  3.04E-17  1.24E-17  4.96E-18  1.45E-18  5.66E-19  2.19E-19  6.18E-20  2.36E-20
             8.95E-21  2.48E-21  9.41E-22  3.58E-22  1.01E-22  3.95E-23  1.55E-23  4.49E-24  1.73E-24
    41       1.56E-16  6.63E-17  2.06E-17  8.35E-18  3.33E-18  9.69E-19  3.77E-19  1.45E-19  4.08E-20  1.55E-20
             5.90E-21  1.63E-21  6.18E-22  2.35E-22  6.64E-23  2.58E-23  1.01E-23  2.91E-24  1.11E-24
    42       9.12E-17  3.84E-17  1.18E-17  4.73E-18  1.88E-18  5.42E-19  2.10E-19  8.08E-20  2.26E-20  8.59E-21
             3.25E-21  8.97E-22  3.39E-22  1.29E-22  3.63E-23  1.41E-23  5.52E-24  1.60E-24  6.18E-25

                                                                                              -----------------
                                                                                              SYS= 2  SPNSYS= 3
   IREP
   ----
     2       2.79E-12  1.97E-12  1.25E-12  8.81E-13  6.22E-13  3.91E-13  2.75E-13  1.91E-13  1.16E-13  7.70E-14
             4.95E-14  2.59E-14  1.51E-14  8.42E-15  3.69E-15  1.89E-15  9.32E-16  3.40E-16  1.50E-16
     3       1.58E-12  1.11E-12  7.03E-13  4.96E-13  3.49E-13  2.18E-13  1.51E-13  1.03E-13  5.92E-14  3.71E-14
             2.21E-14  1.03E-14  5.52E-15  2.86E-15  1.16E-15  5.68E-16  2.71E-16  9.63E-17  4.19E-17
     4       1.15E-12  8.15E-13  5.14E-13  3.62E-13  2.54E-13  1.57E-13  1.07E-13  7.10E-14  3.88E-14  2.31E-14
             1.30E-14  5.58E-15  2.82E-15  1.39E-15  5.31E-16  2.53E-16  1.18E-16  4.08E-17  1.75E-17
     5       9.22E-13  6.50E-13  4.10E-13  2.88E-13  2.01E-13  1.23E-13  8.21E-14  5.31E-14  2.76E-14  1.57E-14
             8.44E-15  3.44E-15  1.67E-15  7.94E-16  2.93E-16  1.36E-16  6.24E-17  2.14E-17  9.12E-18
     6       7.70E-13  5.43E-13  3.41E-13  2.39E-13  1.66E-13  9.98E-14  6.57E-14  4.14E-14  2.06E-14  1.13E-14
             5.86E-15  2.29E-15  1.08E-15  5.01E-16  1.79E-16  8.21E-17  3.72E-17  1.26E-17  5.33E-18
     7       6.62E-13  4.67E-13  2.93E-13  2.04E-13  1.41E-13  8.35E-14  5.39E-14  3.31E-14  1.59E-14  8.46E-15
             4.26E-15  1.61E-15  7.43E-16  3.39E-16  1.19E-16  5.39E-17  2.41E-17  8.10E-18  3.42E-18
     8       5.81E-13  4.09E-13  2.56E-13  1.78E-13  1.22E-13  7.11E-14  4.51E-14  2.71E-14  1.25E-14  6.52E-15
             3.21E-15  1.18E-15  5.36E-16  2.40E-16  8.29E-17  3.70E-17  1.64E-17  5.47E-18  2.30E-18
     9       5.18E-13  3.64E-13  2.27E-13  1.57E-13  1.07E-13  6.14E-14  3.82E-14  2.25E-14  1.01E-14  5.14E-15
             2.48E-15  8.93E-16  4.01E-16  1.78E-16  6.07E-17  2.70E-17  1.19E-17  3.94E-18  1.65E-18
    10       4.67E-13  3.28E-13  2.04E-13  1.41E-13  9.50E-14  5.36E-14  3.28E-14  1.89E-14  8.27E-15  4.13E-15
             1.96E-15  6.94E-16  3.08E-16  1.35E-16  4.55E-17  2.01E-17  8.88E-18  2.93E-18  1.22E-18
    11       4.25E-13  2.98E-13  1.85E-13  1.27E-13  8.50E-14  4.72E-14  2.84E-14  1.61E-14  6.87E-15  3.38E-15
             1.58E-15  5.51E-16  2.42E-16  1.05E-16  3.52E-17  1.54E-17  6.72E-18  2.19E-18  9.09E-19
    12       3.90E-13  2.74E-13  1.69E-13  1.15E-13  7.66E-14  4.18E-14  2.48E-14  1.38E-14  5.77E-15  2.80E-15
             1.30E-15  4.46E-16  1.94E-16  8.39E-17  2.77E-17  1.20E-17  5.25E-18  1.72E-18  7.15E-19
    13       3.60E-13  2.52E-13  1.55E-13  1.05E-13  6.94E-14  3.73E-14  2.18E-14  1.19E-14  4.91E-15  2.35E-15
             1.08E-15  3.66E-16  1.58E-16  6.81E-17  2.25E-17  9.82E-18  4.29E-18  1.40E-18  5.81E-19
    14       3.35E-13  2.34E-13  1.43E-13  9.69E-14  6.33E-14  3.35E-14  1.93E-14  1.04E-14  4.21E-15  1.99E-15
             9.05E-16  3.05E-16  1.31E-16  5.61E-17  1.84E-17  7.95E-18  3.45E-18  1.12E-18  4.66E-19
    15       3.13E-13  2.19E-13  1.34E-13  8.97E-14  5.81E-14  3.03E-14  1.72E-14  9.17E-15  3.64E-15  1.71E-15
             7.70E-16  2.57E-16  1.10E-16  4.66E-17  1.51E-17  6.51E-18  2.79E-18  8.98E-19  3.71E-19
    16       2.94E-13  2.05E-13  1.25E-13  8.32E-14  5.34E-14  2.74E-14  1.54E-14  8.10E-15  3.17E-15  1.47E-15
             6.58E-16  2.18E-16  9.26E-17  3.92E-17  1.27E-17  5.43E-18  2.33E-18  7.45E-19  3.07E-19
    17       2.61E-13  1.81E-13  1.09E-13  7.19E-14  4.54E-14  2.27E-14  1.24E-14  6.41E-15  2.45E-15  1.12E-15
             4.94E-16  1.61E-16  6.81E-17  2.86E-17  9.17E-18  3.91E-18  1.67E-18  5.31E-19  2.16E-19
    18       2.34E-13  1.62E-13  9.67E-14  6.30E-14  3.92E-14  1.91E-14  1.03E-14  5.19E-15  1.94E-15  8.76E-16
             3.82E-16  1.23E-16  5.17E-17  2.16E-17  6.87E-18  2.91E-18  1.24E-18  3.92E-19  1.59E-19
    19       2.13E-13  1.46E-13  8.65E-14  5.57E-14  3.41E-14  1.62E-14  8.56E-15  4.26E-15  1.56E-15  6.99E-16
             3.02E-16  9.67E-17  4.03E-17  1.67E-17  5.29E-18  2.23E-18  9.44E-19  2.99E-19  1.22E-19
    20       1.86E-13  1.27E-13  7.41E-14  4.68E-14  2.80E-14  1.29E-14  6.66E-15  3.25E-15  1.17E-15  5.14E-16
             2.20E-16  6.95E-17  2.87E-17  1.19E-17  3.72E-18  1.56E-18  6.57E-19  2.07E-19  8.43E-20
    21       1.59E-13  1.08E-13  6.13E-14  3.79E-14  2.21E-14  9.81E-15  4.94E-15  2.35E-15  8.24E-16  3.58E-16
             1.51E-16  4.72E-17  1.94E-17  7.94E-18  2.47E-18  1.03E-18  4.31E-19  1.35E-19  5.48E-20
    22       1.29E-13  8.62E-14  4.76E-14  2.85E-14  1.61E-14  6.81E-15  3.32E-15  1.54E-15  5.26E-16  2.25E-16
             9.37E-17  2.88E-17  1.17E-17  4.76E-18  1.47E-18  6.07E-19  2.53E-19  7.87E-20  3.18E-20
    23       1.14E-13  7.54E-14  4.08E-14  2.40E-14  1.32E-14  5.47E-15  2.63E-15  1.20E-15  4.04E-16  1.71E-16
             7.09E-17  2.16E-17  8.75E-18  3.54E-18  1.08E-18  4.48E-19  1.86E-19  5.76E-20  2.33E-20
    24       9.67E-14  6.29E-14  3.31E-14  1.89E-14  1.02E-14  4.07E-15  1.91E-15  8.60E-16  2.84E-16  1.19E-16
             4.89E-17  1.48E-17  5.95E-18  2.39E-18  7.28E-19  2.99E-19  1.24E-19  3.82E-20  1.54E-20
    25       8.74E-14  5.63E-14  2.90E-14  1.64E-14  8.65E-15  3.39E-15  1.58E-15  7.03E-16  2.30E-16  9.57E-17
             3.91E-17  1.18E-17  4.72E-18  1.90E-18  5.74E-19  2.35E-19  9.71E-20  2.99E-20  1.20E-20
    26       7.59E-14  4.81E-14  2.41E-14  1.33E-14  6.89E-15  2.64E-15  1.21E-15  5.32E-16  1.72E-16  7.10E-17
             2.89E-17  8.64E-18  3.45E-18  1.38E-18  4.16E-19  1.70E-19  6.98E-20  2.14E-20  8.55E-21
    27       6.66E-14  4.15E-14  2.04E-14  1.10E-14  5.59E-15  2.10E-15  9.49E-16  4.14E-16  1.32E-16  5.43E-17
             2.20E-17  6.53E-18  2.60E-18  1.04E-18  3.11E-19  1.27E-19  5.20E-20  1.58E-20  6.31E-21
    28       5.56E-14  3.39E-14  1.61E-14  8.48E-15  4.21E-15  1.54E-15  6.85E-16  2.95E-16  9.29E-17  3.79E-17
             1.52E-17  4.50E-18  1.78E-18  7.08E-19  2.11E-19  8.59E-20  3.51E-20  1.06E-20  4.21E-21
    29       4.55E-14  2.71E-14  1.24E-14  6.35E-15  3.08E-15  1.10E-15  4.81E-16  2.05E-16  6.37E-17  2.58E-17
             1.03E-17  3.03E-18  1.19E-18  4.72E-19  1.40E-19  5.68E-20  2.31E-20  7.03E-21  2.80E-21
    30       3.35E-14  1.92E-14  8.31E-15  4.12E-15  1.93E-15  6.67E-16  2.87E-16  1.20E-16  3.68E-17  1.47E-17
             5.85E-18  1.70E-18  6.67E-19  2.63E-19  7.75E-20  3.12E-20  1.27E-20  3.82E-21  1.52E-21
    31       2.69E-14  1.50E-14  6.30E-15  3.05E-15  1.41E-15  4.76E-16  2.02E-16  8.38E-17  2.54E-17  1.01E-17
             4.00E-18  1.16E-18  4.53E-19  1.78E-19  5.23E-20  2.10E-20  8.48E-21  2.55E-21  1.01E-21
    32       1.95E-14  1.05E-14  4.20E-15  1.98E-15  8.90E-16  2.94E-16  1.23E-16  5.03E-17  1.51E-17  5.98E-18
             2.34E-18  6.75E-19  2.62E-19  1.02E-19  3.00E-20  1.20E-20  4.82E-21  1.44E-21  5.65E-22
    33       1.51E-14  7.93E-15  3.08E-15  1.42E-15  6.28E-16  2.04E-16  8.45E-17  3.44E-17  1.02E-17  4.03E-18
             1.57E-18  4.50E-19  1.75E-19  6.80E-20  1.98E-20  7.90E-21  3.17E-21  9.40E-22  3.67E-22
    34       1.03E-14  5.19E-15  1.93E-15  8.68E-16  3.76E-16  1.20E-16  4.89E-17  1.97E-17  5.80E-18  2.27E-18
             8.82E-19  2.51E-19  9.69E-20  3.76E-20  1.09E-20  4.33E-21  1.73E-21  5.15E-22  2.03E-22
    35       7.54E-15  3.70E-15  1.34E-15  5.90E-16  2.52E-16  7.90E-17  3.21E-17  1.28E-17  3.75E-18  1.46E-18
             5.65E-19  1.60E-19  6.17E-20  2.39E-20  6.89E-21  2.73E-21  1.09E-21  3.23E-22  1.26E-22
    36       4.59E-15  2.17E-15  7.54E-16  3.25E-16  1.36E-16  4.19E-17  1.68E-17  6.66E-18  1.93E-18  7.46E-19
             2.87E-19  8.10E-20  3.11E-20  1.20E-20  3.44E-21  1.36E-21  5.39E-22  1.58E-22  6.16E-23
    37       3.25E-15  1.50E-15  5.09E-16  2.17E-16  8.99E-17  2.73E-17  1.09E-17  4.29E-18  1.23E-18  4.76E-19
             1.83E-19  5.13E-20  1.96E-20  7.55E-21  2.16E-21  8.50E-22  3.37E-22  9.83E-23  3.80E-23
    38       1.90E-15  8.53E-16  2.80E-16  1.17E-16  4.79E-17  1.43E-17  5.66E-18  2.22E-18  6.32E-19  2.43E-19
             9.29E-20  2.59E-20  9.89E-21  3.79E-21  1.08E-21  4.23E-22  1.67E-22  4.91E-23  1.91E-23
    39       1.28E-15  5.63E-16  1.82E-16  7.51E-17  3.04E-17  9.02E-18  3.54E-18  1.38E-18  3.92E-19  1.50E-19
             5.72E-20  1.59E-20  6.06E-21  2.32E-21  6.58E-22  2.57E-22  1.02E-22  2.96E-23  1.15E-23
    40       6.73E-16  2.89E-16  9.11E-17  3.71E-17  1.49E-17  4.35E-18  1.70E-18  6.57E-19  1.85E-19  7.07E-20
             2.68E-20  7.44E-21  2.82E-21  1.08E-21  3.04E-22  1.19E-22  4.66E-23  1.35E-23  5.18E-24
    41       4.67E-16  1.99E-16  6.19E-17  2.50E-17  9.98E-18  2.91E-18  1.13E-18  4.36E-19  1.23E-19  4.66E-20
             1.77E-20  4.89E-21  1.85E-21  7.05E-22  1.99E-22  7.75E-23  3.03E-23  8.72E-24  3.34E-24
    42       2.74E-16  1.15E-16  3.54E-17  1.42E-17  5.63E-18  1.63E-18  6.30E-19  2.42E-19  6.79E-20  2.58E-20
             9.75E-21  2.69E-21  1.02E-21  3.86E-22  1.09E-22  4.23E-23  1.66E-23  4.80E-24  1.86E-24



    T(K)     ALFT( 1)  ALFT( 2)  ALFT( 3)  ALFT( 4)  ALFT( 5)  ALFT( 6)  ALFT( 7)  ALFT( 8)  ALFT( 9)  ALFT(10)
    ----     --------  --------  --------  --------  --------  --------  --------  --------  --------  --------
  1.00E+01   3.52E-11
  2.00E+01   2.35E-11
  5.00E+01   1.36E-11
  1.00E+02   8.81E-12
  2.00E+02   5.69E-12
  5.00E+02   3.18E-12
  1.00E+03   2.03E-12
  2.00E+03   1.29E-12
  5.00E+03   6.96E-13
  1.00E+04   4.34E-13
  2.00E+04   2.69E-13
  5.00E+04   1.44E-13
  1.00E+05   9.11E-14
  2.00E+05   5.78E-14
  5.00E+05   3.09E-14
  1.00E+06   1.82E-14
  2.00E+06   1.00E-14
  5.00E+06   4.02E-15
  1.00E+07   1.83E-15
C--------------------------------------------------------------------------------------------------------------
C
C See N. R. Badnell, ApJS, vol 167 (2006) p334
C DOI: 10.1086/508465
C
C NAME: N R Badnell
C DATE: Jan 2006
C
C--------------------------------------------------------------------------------------------------------------

C-----------------------------------------------------------------------
C                               OPEN-ADAS
C                               +++++++++
C
C This file has been downloaded from OPEN-ADAS (http://open.adas.ac.uk)
C on 26-May-2026.
C
C TERMS AND CONDITIONS
C --------------------
C
C The user of the OPEN-ADAS system and data (hereinafter "the User")
C accepts the following terms and conditions:
C
C   1. The University of Strathclyde uses all reasonable endeavours to
C      ensure the accuracy of the data provided and any information
C      given, but the University makes no warranty, expressed or implied
C      as to its accuracy, integrity, fitness for purpose and shall not
C      be responsible for the use to which the data is put by the User
C      and/or any consequences arising out of any inaccuracies or
C      omissions.
C
C   2. Any downloaded OPEN-ADAS file is made available for the
C      personal use of the User only.  It must not be used for any
C      commercial application, incorporated into any web site or in
C      any form re-distributed without express prior written permission
C      from the ADAS Project. In particular, but not by way of
C      limitation, it must not be:
C        *  inserted into a managed database structure,
C        *  redistributed along with a modelling or analysis code,
C        *  made available on a public website.
C
C Permission for OPEN-ADAS data incorporation in non-commercial
C code/system development for scientific advance will not be
C unreasonably withheld, but will be subject to written agreement
C on a case by case basis.
C
C The User will indemnify the University of Strathclyde and keep it
C fully and effectively indemnified against each and every claim made
C against the University as a result of the User's use of the data.
C
C-----------------------------------------------------------------------
